LSAIR_000, 519,  1806.1065, -2406.8107,    14.4730, 220.1900,   1,   1, 32,  ;
LSAIR_001, 519,  1851.0872, -2397.0817,    14.4737, 221.0776,   1,   1, 32,  ;
LSAIR_002, 519,  1881.2902, -2364.6726,    14.4759, 231.6925,   1,   1, 32,  ;
LSAIR_003, 593,  1990.4940, -2400.4699,    14.0068, 126.8313,  58,   8, 32,  ;
LSAIR_004, 593,  1991.9356, -2377.5690,    14.0095, 111.9822,  19,  33, 32,  ;
LSAIR_005, 593,  1994.2282, -2329.9182,    14.0073, 123.6920,  68,   8, 32,  ;
LSAIR_006, 593,  1993.0358, -2307.1486,    14.0073, 121.4825,   2,   1, 32,  ;
LSAIR_007, 485,  2005.4028, -2340.4003,    13.2025, 353.8797,   1,  74, 32,  ;
LSAIR_008, 485,  1944.1884, -2234.3225,    13.2017, 358.4946,   1,  75, 32,  ;
LSAIR_009, 485,  1893.2838, -2320.5075,    13.2069, 285.2384,   1,  76, 32,  ;
LSAIR_010, 485,  1882.2479, -2390.3964,    13.2132, 266.7463,   1,  77, 32,  ;
LSAIR_011, 485,  1915.2465, -2643.3474,    13.2049,   2.2446,   1,  78, 32,  ;
LSAIR_012, 553,  1944.5241, -2639.1464,    14.8823,  28.0298,  55,  23, 32,  ;
LSAIR_013, 553,  1984.2778, -2637.7561,    14.8830,   9.0601,  94, 116, 32,  ;
LSAIR_014, 553,  2019.7614, -2642.5803,    14.8759, 318.3255, 128,   7, 32,  ;
LSAIR_015, 476,  2124.7380, -2418.2963,    14.2641, 205.4615,   7,   6, 32,  ;
LSAIR_016, 476,  2142.8671, -2434.3076,    14.2587, 144.2144,   1,   6, 32,  ;
LSAIR_017, 476,  2107.1398, -2417.1647,    14.2646, 150.9743, 135,  14, 32,  ;
LSAIR_018, 476,  2083.0217, -2429.4853,    14.2543, 182.9969, 119, 117, 32,  ;
LSAIR_019, 510,  2081.9865, -2359.7229,    13.1550,  64.1484,  39,  39, 32,  ;
LSAIR_020, 510,  1866.6114, -2660.4602,    13.1552,  18.6151,   6,   6, 32,  ;
LSAIR_021, 513,  1881.0273, -2632.3281,    14.0995,  40.9585,  21,  36, 32,  ;
LSAIR_022, 513,  1891.9824, -2632.7055,    14.1084, 332.5663, 138, 122, 32,  ;
LSAIR_023, 593,  1840.4315, -2631.8525,    14.0080, 319.2033,  22,   1, 32,  ;
LSAIR_024, 593,  1822.1689, -2629.8713,    14.0075,  35.6964,  36,   8, 32,  ;
LSAIR_025, 593,  1806.7132, -2630.3166,    14.0037,  32.0461,  51,   1, 32,  ;
LSAIR_026, 476,  1752.8642, -2632.2060,    14.2630,   1.4833, 103, 102, 32,  ;
LSAIR_027, 481,  1698.6531, -2692.0224,    13.0592, 256.1955,  26,   1, 32,  ;
LSAIR_028, 485,  1707.5415, -2646.3325,    13.2052, 359.6846,   1,  73, 32,  ;
LSAIR_029, 487,  1716.0422, -2437.5766,    13.7315, 148.7897,  18, 108, 32,  ;
LSAIR_030, 487,  1737.4826, -2432.7019,    13.7340, 192.0325,  24,  78, 32,  ;
LSAIR_031, 487,  1752.5585, -2452.2275,    13.7321, 147.2026,  54,  29, 32,  ;
LSAIR_032, 417,  1636.0141, -2409.7209,    13.6266, 193.2301,   0,   0, 32,  ;
LSAIR_033, 417,  1655.8718, -2410.4550,    13.6350, 156.9427,   0,   0, 32,  ;
LSAIR_034, 510,  1600.9696, -2395.0102,    13.2262, 298.2055,  28,  28, 32,  ;
LSAIR_035, 497,  1575.9306, -2408.7253,    13.7347, 153.2041,   0,   1, 32,  ; // Police Maverick
LSAIR_036, 497,  1554.8206, -2406.4416,    13.7307, 190.6669,   0,   1, 32,  ; // Police Maverick 2
