LSINR_000, 446,   728.1594, -1495.2686,    -0.4905, 179.7908,   1,   5, 32,  ;
LSINR_001, 454,   720.7039, -1633.3223,     0.1486, 177.6009,  26,  26, 32,  ;
LSINR_002, 454,   720.5266, -1699.9826,     0.1865, 358.9251,  26,  26, 32,  ;
LSINR_003, 429,   764.7678, -1660.5484,     4.2160,  94.0819,  12,  12, 32,  ;
LSINR_004, 541,   688.0234, -1600.1551,    13.7215, 359.7576,  58,   8, 32,  ;
LSINR_005, 466,   594.6931, -1519.6712,    14.8585, 178.9837,  68,  76, 32,  ;
LSINR_006, 458,   601.2114, -1519.8090,    14.8971, 359.8546, 101,   1, 32,  ;
LSINR_007, 496,   648.1077, -1507.8370,    14.7835,  88.3480,  35,  35, 32,  ;
LSINR_008, 429,   729.7592, -1433.3432,    13.2151,  90.2927,  13,  13, 32,  ;
LSINR_009, 506,   665.4387, -1421.5520,    14.3496,   1.6521,   7,   7, 32,  ;
LSINR_010, 506,   587.3435, -1499.5959,    15.0621, 273.6347,   6,   6, 32,  ;
LSINR_011, 413,   691.4462, -1570.2456,    14.3358, 179.2635,  91,   1, 32,  ;
LSINR_012, 451,   489.1148, -1514.9581,    20.0515, 186.2239,  46,  46, 32,  ;
LSINR_013, 541,   494.3371, -1604.7160,    18.2000, 275.6069,  60,   1, 32,  ;
LSINR_014, 603,   259.4689, -1597.9202,    33.1166, 299.1694,  69,   1, 32,  ;
LSINR_015, 429,   262.3868, -1603.2012,    33.0642, 323.2319,   2,   2, 32,  ;
LSINR_016, 518,   258.0661, -1591.6113,    33.1217, 275.3944,  36,  36, 32,  ;
LSINR_017, 409,   867.4957, -1285.9367,    13.8858, 357.4154,   1,   1, 32,  ;
LSINR_018, 457,   844.4998, -1197.9864,    16.6037,   0.3980,   2,   1, 32,  ;
LSINR_019, 457,   880.8410, -1199.7491,    16.6030, 357.7022,  21, 108, 32,  ;
LSINR_020, 457,   914.7440, -1199.8364,    16.6032, 359.8655, 106,  56, 32,  ;
LSINR_021, 463,   920.4453, -1290.5063,    13.3507, 118.6504, 121,  14, 32,  ;
LSINR_022, 542,   863.2733, -1375.0151,    13.3186,  85.7265,  32,  92, 32,  ;
LSINR_023, 561,   903.8953, -1454.9287,    12.8650, 270.7864,   8,  17, 32,  ;
LSINR_024, 429,   881.5562, -1453.8587,    13.3618, 271.8305,  99,  93, 32,  ;
LSINR_025, 507,   809.9614, -1448.9108,    12.9680,  87.2106,  35,  54, 32,  ;
LSINR_026, 589,   810.5452, -1464.3677,    12.7190,  85.7123, 134,  97, 32,  ;
LSINR_027, 496,   821.6032, -1473.7248,    12.5755, 357.5007,  54, 120, 32,  ;
LSINR_028, 461,  1031.1113, -1446.3105,    13.1410,  59.0579,  67,  86, 32,  ;
LSINR_029, 418,  1005.0084, -1461.3424,    13.6427, 183.0260, 119, 119, 32,  ;
LSINR_030, 463,   990.1287, -1354.9877,    12.9125, 285.7226,  65,   6, 32,  ;
LSINR_031, 479,   991.3928, -1345.2102,    13.1759, 271.1148, 123, 108, 32,  ;
LSINR_032, 489,   990.5985, -1306.8128,    13.5204, 179.0487,  24,   6, 32,  ;
LSINR_033, 475,  1002.5062, -1306.5654,    13.1865, 359.6423,  37,   0, 32,  ;
LSINR_034, 518,   981.5053, -1306.6899,    13.1630, 181.0135,  71,  18, 32,  ;
LSINR_035, 414,   979.2277, -1258.1351,    16.8071, 182.5785,  24,   1, 32,  ;
LSINR_036, 506,   955.9268, -1184.0711,    16.6497, 269.9031,  30,  31, 32,  ;
LSINR_037, 549,   955.8333, -1190.2795,    16.6424, 270.2727,  75,  39, 32,  ;
LSINR_038, 482,   956.0021, -1199.3632,    17.1270, 268.5538,  20,  20, 32,  ;
LSINR_039, 468,   956.3897, -1193.4252,    16.6296,  89.6432,  46,  46, 32,  ;
LSINR_040, 567,  1085.8342, -1199.3883,    17.7945,  90.5839,  93,  64, 32,  ;
LSINR_041, 542,  1097.0354, -1218.1705,    17.5471, 356.6482,  45,  92, 32,  ;
LSINR_042, 461,  1084.2866, -1232.2460,    15.3944, 243.6654,  61,   1, 32,  ;
LSINR_043, 461,  1083.9337, -1235.0449,    15.4088, 243.8919,  75,   1, 32,  ;
LSINR_044, 461,  1083.7940, -1238.1573,    15.4110, 243.1096,  79,   1, 32,  ;
LSINR_045, 405,  1109.0310, -1225.8808,    15.6986, 181.5343,  75,   1, 32,  ;
LSINR_046, 458,  1000.3081, -1084.5488,    23.7068, 179.6206,  30,   1, 32,  ;
LSINR_047, 542,  1015.8253, -1083.9112,    23.5711,   0.6381, 119, 113, 32,  ;
LSINR_048, 461,  1032.2993, -1082.4255,    23.4136, 166.6669,  35,  27, 32,  ;
LSINR_049, 475,  1003.6658, -1054.6087,    30.6945,   3.0438, 122, 102, 32,  ;
LSINR_050, 560,  1070.9108, -1102.3247,    24.4438, 270.7970,  41,  81, 32,  ;
LSINR_051, 496,  1137.6491, -1025.5585,    31.5121, 177.9916,  67,   6, 32,  ;
LSINR_052, 558,  1131.7341, -1010.0579,    29.4899,  95.0936,  40,   1, 32,  ;
LSINR_053, 581,  1205.2384,  -977.0175,    43.0741, 179.7536,  58,   1, 32,  ;
LSINR_054, 536,  1227.2596,  -974.1713,    43.2139, 180.2966,  30,  96, 32,  ;
LSINR_055, 414,  1110.5709, -1331.4204,    13.1385,   0.6025,  43,   1, 32,  ;
LSINR_056, 581,   989.3703, -1589.3812,    13.0902,  21.5606,  66,   1, 32,  ;
LSINR_057, 542,  1061.2451, -1665.2648,    13.4966,  91.9120,  32,  92, 32,  ;
LSINR_058, 405,  1136.5766, -1695.5198,    13.6955,  88.9354,  75,   1, 32,  ;
LSINR_059, 463,  1137.1466, -1700.1901,    13.3868,  87.9395, 132, 112, 32,  ;
LSINR_060, 518,  1280.4908, -1816.1258,    13.0556, 270.4623, 133,  56, 32,  ;
LSINR_061, 482,  1250.2468, -1835.0883,    13.5046, 180.4024,  85,  85, 32,  ;
LSINR_062, 527,  1196.9360, -1829.6979,    13.1197, 269.7544,  90,   9, 32,  ;
LSINR_063, 589,  1280.9364, -1833.0606,    13.0417,  90.8050,  46, 126, 32,  ;
LSINR_064, 562,  1267.0611, -1795.2073,    13.0701,   0.6532, 102,  24, 32,  ;
LSINR_065, 463,  1281.6627, -1805.1253,    12.9240,  62.4968,  53,  53, 32,  ;
LSINR_066, 545,  1238.0167, -1835.2385,    13.2007, 177.5310,  40,  96, 32,  ;
LSINR_067, 400,  1423.8416, -1845.0616,    13.4771, 270.4685, 109, 109, 32,  ;
LSINR_068, 546,  1536.6632, -1846.7764,    13.2712,   0.8184,   3,  87, 32,  ;
LSINR_069, 475,  1614.0916, -1893.9027,    13.3521, 357.9483, 102,  80, 32,  ;
LSINR_070, 546,  1796.2774, -1933.2836,    13.1180, 180.4499, 113,  78, 32,  ;
LSINR_071, 545,  1776.1965, -1917.6883,    13.1976,  90.7850,  39,   1, 32,  ;
LSINR_072, 400,  1776.1497, -1907.3948,    13.4787, 271.3830, 101,   1, 32,  ;
LSINR_073, 400,  1804.1429, -1909.4019,    13.3327, 269.6683,  10,  10, 32,  ;
LSINR_074, 474,  1804.4888, -1919.3353,    13.1555, 269.8830, 110,   1, 32,  ;
LSINR_075, 496,  1785.9353, -1933.2902,    13.1750,   0.8604,  52,  69, 32,  ;
LSINR_076, 496,  1776.2777, -1894.0770,    12.9741, 272.6131,  15,  15, 32,  ;
LSINR_077, 482,  1776.5122, -1899.9752,    13.5071,  87.3522,  10,  10, 32,  ;
LSINR_078, 482,  1791.3898, -1933.2008,    13.5101, 180.1195, 118, 118, 32,  ;
LSINR_079, 461,  1775.7962, -1912.6582,    12.9720, 269.4815,  61,   1, 32,  ;
LSINR_080, 461,  1775.7340, -1914.1242,    12.9715, 262.3924,  75,   1, 32,  ;
LSINR_081, 536,  1834.7807, -1871.9733,    13.0924, 179.2433,  30,  96, 32,  ;
LSINR_082, 496,  1836.6301, -1853.6380,    13.1058, 179.9886,  20,  20, 32,  ;
LSINR_083, 414,  1858.8853, -1875.5943,    13.5724, 180.1932,  95,   1, 32,  ;
LSINR_084, 468,  1900.5659, -1849.8378,    13.2277,  44.6101,  94,  63, 32,  ;
LSINR_085, 589,  1251.2297, -2042.1304,    59.4473, 180.0659,  40,   1, 32,  ;
LSINR_086, 521,  1244.8016, -2023.3498,    59.4329, 292.8341,  92,   3, 32,  ;
LSINR_087, 506,  1256.9205, -2009.4755,    59.2126,   0.8008,   7,   7, 32,  ;
LSINR_088, 522,  1277.8239, -2011.9354,    58.4634, 268.7319,   7,  79, 32,  ;
LSINR_089, 463,  1097.5217, -1763.8896,    12.8933, 267.4285,  36,  36, 32,  ;
LSINR_090, 475,   892.6356, -1668.8603,    13.3543, 179.2465,  37,   0, 32,  ;
LSINR_091, 506,   874.8234, -1658.4842,    13.2513, 181.7122,   1,  15, 32,  ;
LSINR_092, 521,   870.1176, -1676.6573,    13.1183, 186.2731, 115, 118, 32,  ;
LSINR_093, 496,   888.5651, -1679.1317,    13.2628, 357.5184, 102, 135, 32,  ;
LSINR_094, 411,  1671.5545, -1719.5422,    20.2115, 269.5804, 132, 108, 32,  ;
LSINR_095, 415,  1656.9488, -1695.5144,    20.2285, 358.9435, 131,  53, 32,  ;
LSINR_096, 496,  1671.9685, -1704.4779,    20.2005, 270.8929,  66,  72, 32,  ;
LSINR_097, 461,  1673.9682, -1713.0563,    20.0617,  67.1317,  43,   1, 32,  ;
