LV_000, 409,  1944.0601,  1346.0485,     8.9092, 180.2597,   0,   0, 32,  ;
LV_001, 409,  1944.3724,  1335.7692,     8.9093, 178.7635,   1,   1, 32,  ;
LV_002, 409,  2039.6442,  1008.3372,    10.4716, 178.7756,   0,   0, 32,  ;
LV_003, 409,  2108.1513,  1440.6623,    10.6203, 268.1557,   0,   0, 32,  ;
LV_004, 409,  2176.3466,  1676.1738,    10.6203, 179.9264,   1,   1, 32,  ;
LV_005, 409,  2035.1098,  1917.6453,    11.9762, 180.5780,   1,   1, 32,  ;
LV_006, 587,  2075.4963,  1490.6589,    10.3972,   0.9207,  10,  10, 32,  ;
LV_007, 451,  2148.8706,  1398.3687,    10.5207, 359.6848,  78,  78, 32,  ;
LV_008, 558,  2132.6252,  1409.2678,    10.4505, 180.3099,  36,   1, 32,  ;
LV_009, 420,  2039.7207,  1335.4227,    10.4504, 178.9214,   6,   0, 32,  ;
LV_010, 420,  2159.9782,  1687.9427,    10.5331,  15.7069,   6,   0, 32,  ;
LV_011, 420,  2217.6040,  1838.1330,    10.5979, 180.3271,   6,   0, 32,  ;
LV_012, 420,  2040.1989,  1344.9267,    10.4491, 178.6027,   6,   0, 32,  ;
LV_013, 562,  2039.9256,  1019.8728,    10.3308, 179.7790,  33,  33, 32,  ;
LV_014, 562,  1881.7867,   964.0424,    10.4797,  89.3164,  33,  33, 32,  ;
LV_015, 562,  1881.5302,   991.9348,    10.4788,  88.5594,  33,  33, 32,  ;
LV_016, 562,  1881.8262,  1035.1031,    10.4787,  90.5642,  33,  33, 32,  ;
LV_017, 562,  1882.0393,  1054.4158,    10.4798,  90.3891,  33,  33, 32,  ;
LV_018, 543,  1665.9182,   900.6049,    10.6178, 154.1468,  66,  84, 32,  ;
LV_019, 561,  1655.6387,   999.3278,    10.6343,   1.6394, 112, 112, 32,  ;
LV_020, 516,  1677.3664,   988.1375,    10.6021, 359.7391,  16,  16, 32,  ;
LV_021, 411,  1889.2764,  1934.0405,    13.5118, 180.0615,   4,   4, 32,  ;
LV_022, 422,  2791.8364,  1997.4440,    10.8079, 358.2167,   8,  10, 32,  ;
LV_023, 402,  2812.9853,  2026.3201,    10.5869, 181.2861,  46,  46, 32,  ;
LV_024, 401,  2822.0800,  2169.3891,    10.5974, 270.8597,  59,  59, 32,  ;
LV_025, 402,  2582.8459,  2271.9074,    10.6526,  89.7938,  58,  58, 32,  ;
LV_026, 561,  2764.5786,  1281.6990,    10.4819,  91.0992,  72,  72, 32,  ;
LV_027, 405,  2782.1955,  1295.4827,    10.6250, 179.4644,  65,  65, 32,  ;
LV_028, 414,  2624.3725,  1104.1190,    10.8044, 269.3916, 101, 101, 32,  ;
LV_029, 463,  2437.9824,  2060.0773,    10.3605, 321.5249,  66,  66, 32,  ;
LV_030, 463,  2439.4592,  2059.3762,    10.3572, 317.0827, 125, 125, 32,  ;
LV_031, 463,  2436.2812,  2060.5949,    10.3597, 324.4646,  70,  70, 32,  ;
LV_032, 533,  2444.2741,  1990.9354,    10.5293, 359.2698,  83,  83, 32,  ;
LV_033, 480,  2458.2346,  1992.2141,    10.5043, 180.6470,  92,  92, 32,  ;
LV_034, 482,  2170.9218,  1981.6817,    10.8809,  90.0916,  52,  52, 32,  ;
LV_035, 402,  2231.9128,  1277.3851,    10.5745,   1.2022,  22,  22, 32,  ;
LV_036, 451,  2182.8376,  1287.8752,    10.4708, 180.3701, 123,   1, 32,  ;
LV_037, 415,  2171.9433,  1118.7879,    12.3942, 333.4859,  36,   1, 32,  ;
LV_038, 429,  2141.7614,  1022.6918,    10.5000,  90.9347,  13,  13, 32,  ;
LV_039, 436,  2150.9562,   987.4215,    10.5865, 180.8703,  87,   1, 32,  ;
LV_040, 439,  2133.0083,  1006.8494,    10.7159,  89.0047,  43,  21, 32,  ;
LV_041, 561,  2163.0319,  1006.4871,    10.6988, 270.5458, 101,   1, 32,  ;
LV_042, 461,  2132.7265,   899.1527,    10.4046, 270.7792,  61,   1, 32,  ;
LV_043, 462,  2132.7463,   906.0122,    10.4195, 268.0389,   2,   1, 32,  ;
LV_044, 463,  2475.0217,   992.2780,    10.3601, 206.1177,   7,   7, 32,  ;
LV_045, 474,  2197.8374,   936.0216,    10.5829, 185.2772, 105,   1, 32,  ;
LV_046, 442,  2485.1379,   936.2084,    10.6624,   0.1062,  25, 109, 32,  ;
LV_047, 587,  2460.3796,   918.7191,    10.5354,  90.4610,  53,   1, 32,  ;
LV_048, 535,  2455.4519,  1275.5571,    10.5843, 270.0744,  28,   1, 32,  ;
LV_049, 603,  2389.2189,  1658.2741,    10.4453, 358.7757,  60,   1, 32,  ;
LV_050, 560,  2039.5766,  1560.1607,    10.3773, 179.5951,   9,  39, 32,  ;
LV_051, 545,  2075.7207,  1482.4139,    10.4828, 359.4229,  44,  96, 32,  ;
LV_052, 579,  2168.6728,  1412.4141,    10.7455, 179.3802,  53,  53, 32,  ;
LV_053, 581,  2353.1149,  1405.4799,    10.4147, 272.0892,  66,   1, 32,  ;
LV_054, 477,  2352.6645,  1436.9703,    10.5495, 269.3465,  75,   1, 32,  ;
LV_055, 603,  2300.3598,  1466.0363,    10.4462,  90.1237,  53,  53, 32,  ;
LV_056, 558,  2300.8754,  1458.6439,    10.4778,  90.3777,  92,   1, 32,  ;
LV_057, 480,  2292.5034,  1454.7678,    13.8155, 270.6444,  68,   1, 32,  ;
LV_058, 558,  2285.8659,  1518.0089,    16.9277,   0.2347,  77,   1, 32,  ;
LV_059, 521,  2351.9589,  1487.6743,    17.7851, 268.5520,  92,   3, 32,  ;
LV_060, 516,  2322.5888,  1423.0114,    22.1984,  89.6000, 122,   1, 32,  ;
LV_061, 579,  2352.2910,  1472.8544,    32.0778, 268.4590,  28, 119, 32,  ;
LV_062, 418,  2332.3298,  1387.9061,    36.5387, 179.0473,  64,  64, 32,  ;
LV_063, 477,  2293.1245,  1455.2215,    39.5111, 270.0950,  22,   1, 32,  ;
LV_064, 461,  2279.1494,  1387.7221,    42.4053, 181.3634,  61,   1, 32,  ;
LV_065, 451,  2351.6416,  1415.7268,    42.5269, 269.3743, 123, 123, 32,  ;
LV_066, 448,  2631.0559,  1845.8616,    10.4163, 264.5008,   3,   6, 32,  ;
LV_067, 561,  2632.0136,  1858.2656,    10.6989, 270.9765, 113,   1, 32,  ;
LV_068, 477,  2602.6127,  1846.6436,    10.5728,  90.5212, 121,   1, 32,  ;
LV_069, 479,  2631.2253,  1794.8120,    10.6166, 270.0365,  60,  35, 32,  ;
LV_070, 581,  2600.0812,  1691.2464,    10.4107,  89.1783,  36,   1, 32,  ;
LV_071, 496,  2631.7998,  1681.1657,    10.4784, 271.2009,  31,  31, 32,  ;
LV_072, 402,  2214.7441,  1512.2835,    10.6519, 269.6814,  39,  39, 32,  ; // Limo
LV_073, 410,  2038.7774,  1588.8406,    10.3257, 179.6040,  10,   1, 32,  ; // Limo
LV_074, 418,  1742.2191,  1906.1679,    10.9135,  90.2074, 117, 227, 32,  ; // Limo
LV_075, 420,  1731.2714,  1974.9577,    10.5993, 273.0415,   6,   1, 32,  ; // Limo
LV_076, 437,  1736.9499,  1878.4279,    10.9182, 269.9014,  47,  74, 32,  ; // Limo
LV_077, 429,  1702.7047,  1804.3765,    10.5000, 359.9711,   1,   2, 32,  ; // Limo
LV_078, 421,  1602.3924,  1839.9454,    10.7027, 178.4761,  36,   1, 32,  ; // Euros
LV_079, 402,  1471.5048,  1928.6152,    11.1104,  91.6436,  22,  22, 32,  ; // Turismo 
LV_080, 482,  1450.1931,  2017.9884,    10.9038,  90.8725,  91,   1, 32,  ; // Uranus
LV_081, 426,  1453.9976,  1957.7761,    10.9630, 179.0628,  62,  62, 32,  ; // Taxi
LV_082, 436,  1368.7288,  2020.8182,    11.2117,  88.9614,  92,   1, 32,  ; // Taxi
LV_083, 483,  1117.3785,  2112.5373,    10.8093,   0.4216,   1,  31, 32,  ; // Taxi
LV_084, 498,  1049.3366,  2135.9787,    10.8915,  87.9624,  20, 117, 32,  ; // Taxi
LV_085, 530,   980.7039,  2060.1577,    10.5855, 159.6553, 114,   1, 32,  ; // Elegy
LV_086, 542,  1023.1682,  2019.7904,    10.9840, 272.4500,  31,  93, 32,  ;
LV_087, 554,   991.6674,  1886.8708,    11.3290, 270.6091,  15,  32, 32,  ;
LV_088, 558,   984.5507,  1719.9062,     8.2853, 270.4342,  24,   1, 32,  ;
LV_089, 522,   949.3911,  1662.1197,     8.4159, 269.5885,   6,  25, 32,  ;
LV_090, 541,  1113.0668,  1726.9880,    10.4450, 179.9989,  22,   1, 32,  ;
LV_091, 521,  1024.1970,  1724.4652,    10.3910,  93.4605,  92,   3, 32,  ;
LV_092, 506,  1041.7158,  1357.1357,    10.5246,  85.3610,   7,   7, 32,  ;
LV_093, 500,  1042.7310,  1346.4716,    10.9230,  81.1408,  28, 119, 32,  ;
LV_094, 496,   979.9923,  1080.0502,    10.5292,  91.2658,  53,  56, 32,  ;
LV_095, 482,   979.7034,  1104.7272,    10.9448,  90.7614,  71,  71, 32,  ;
LV_096, 414,  1425.6674,  1039.2935,    10.4327,  90.1854, 102,  65, 32,  ;
LV_097, 414,  1451.7877,   976.0687,    10.4987,   0.3869,  67,   1, 32,  ;
LV_098, 410,  2004.4067,   735.3056,    11.0296, 180.8574,   9,   1, 32,  ;
LV_099, 418,  2168.8989,   695.7341,    11.4582, 182.7091, 117, 227, 32,  ;
LV_100, 429,  2362.0627,   731.0701,    11.0944,   0.1727,   1,   3, 32,  ;
LV_101, 439,  2362.4011,   648.3925,    11.2058, 358.5357,  43,  21, 32,  ;
LV_102, 460,  2358.0769,   519.0576,     1.7602, 270.6637,  17,  23, 32,  ;
LV_103, 493,  2292.9006,   518.9940,    -0.2126, 269.6578,  36,  13, 32,  ;
LV_104, 496,  2086.2353,   658.9542,    10.8916, 180.3410,  66,  72, 32,  ;
LV_105, 506,  1916.4234,   698.4152,    10.5368, 359.5924,  52,  52, 32,  ;
LV_106, 516,  1852.8835,   698.9276,    11.0088,  92.2718, 119,   1, 32,  ;
LV_107, 521,  1413.7998,   772.0427,    10.3920,  92.6899,  87, 118, 32,  ;
LV_108, 533,  1484.0516,   787.6008,    10.5293, 359.4021,  74,   1, 32,  ;
LV_109, 545,  1535.0472,   787.3861,    10.6314,   0.8389,  44,  96, 32,  ;
LV_110, 578,  1645.1520,   740.4365,    11.4446, 357.8963,   1,   1, 32,  ;
LV_111, 484,  1628.1273,   571.8071,     0.1587, 269.3262,  66,  36, 32,  ;
LV_112, 477,  1544.6928,  2132.2333,    11.1513, 269.0968, 101,   1, 32,  ;
LV_113, 480,  1613.6010,  2207.0527,    10.5918, 271.9736,   4,   4, 32,  ;
LV_114, 479,  1519.2011,  2291.0112,    10.6330,   0.9599,  49,  23, 32,  ;
LV_115, 419,  1340.8719,  2246.3386,    10.6215,  92.0409,  21,   1, 32,  ;
LV_116, 462,  1431.4543,  2237.3439,    10.6230, 267.7669,   3,   1, 32,  ;
LV_117, 401,  1508.7908,  2091.1386,    10.6953, 271.2131,  39,  39, 32,  ;
LV_118, 439,  1068.4608,  2185.2995,    16.6151,  91.1135,  25,  78, 32,  ;
LV_119, 426,  1126.5606,  2323.6711,    16.4615,  90.0849,   7,   7, 32,  ;
LV_120, 421,  1135.4621,  2253.0495,    16.6012, 270.1440,  30,   1, 32,  ;
LV_121, 419,  1115.4998,  2310.4091,    10.6371, 267.7344,  33,  75, 32,  ;
LV_122, 561,   990.2858,  2307.3046,    11.1294,  89.9585, 101, 101, 32,  ;
LV_123, 400,  1108.1197,  1903.8444,    10.9125, 269.1944, 113,   1, 32,  ;
LV_124, 403,  1059.6800,  1916.6881,    11.4272,   0.6037, 101,   1, 32,  ;
LV_125, 402,  2039.0864,  1160.6542,    10.5032, 179.5146,  22,  22, 32,  ;
LV_126, 411,  1844.4285,  1209.7379,    10.5595,  91.1955, 116,   1, 32,  ;
LV_127, 522,  1843.6981,  1255.3601,    10.3901,  89.6381,   3,   8, 32,  ;
LV_128, 439,  1866.8518,  1179.2153,    10.7348,   0.1706,  37,  78, 32,  ;
LV_129, 587,  1552.6905,  1025.6267,    10.5355, 267.4064,  66,   1, 32,  ;
LV_130, 543,  1332.6005,  1159.0437,    10.6289, 270.0148,   8,  90, 32,  ;
LV_131, 545,  1281.1134,  2545.5876,    10.6315,  90.4074,  30,   1, 32,  ;
LV_132, 420,  1433.6540,  2608.7395,    10.6772,  89.2627,   6,  76, 32,  ;
LV_133, 508,  1374.0249,  2644.2893,    11.1955, 179.4467,   1,   1, 32,  ;
LV_134, 437,  1352.3560,  2647.1230,    10.9442, 180.4328, 105,  20, 32,  ;
LV_135, 451,  1319.5607,  2697.6628,    10.5268,   0.7027,  61,  61, 32,  ;
LV_136, 437,  1296.4653,  2646.8471,    10.9535,   1.1869,  54,   7, 32,  ;
LV_137, 506,  1464.4520,  2773.0771,    10.3763, 181.1781,   3,   3, 32,  ;
LV_138, 546,  1475.3709,  2839.5517,    10.6443, 181.0346,  11,  11, 32,  ;
LV_139, 541,  1455.9503,  2878.8361,    10.4448,   0.1368,  51,   1, 32,  ;
LV_140, 545,  1529.5755,  2867.6501,    10.6314, 268.0443,  39,   1, 32,  ;
LV_141, 421,  1529.6301,  2835.7375,    10.6408, 269.9234,  62,  62, 32,  ;
LV_142, 457,  1422.7972,  2830.8291,    10.4471,  91.4125,  13,   1, 32,  ;
LV_143, 457,  1369.0236,  2784.1589,    10.4469,  94.3731,  34,   1, 32,  ;
LV_144, 457,  1423.0650,  2835.1398,    10.4470,  92.8883,  58,   1, 32,  ;
LV_145, 572,  1420.3007,  2802.6374,    10.4001, 179.9107,  30,   1, 32,  ;
LV_146, 561,  1618.5776,  2834.7360,    10.6343, 359.5820,  25,  78, 32,  ;
LV_147, 581,  1737.6124,  2780.0356,    10.6454, 100.8438,  54,   1, 32,  ;
LV_148, 579,  1673.0440,  2696.7333,    10.7645,   2.8550,  37,  37, 32,  ;
LV_149, 522,  1927.4393,  2729.9841,    10.3923, 182.5767,   6,  25, 32,  ;
LV_150, 562,  1998.1213,  2758.4885,    10.4821,   0.3794, 116,   1, 32,  ;
LV_151, 542,  2260.1184,  2737.8930,    10.5637, 271.1406,  24, 118, 32,  ;
LV_152, 498,  2311.9609,  2763.3215,    10.8879, 272.1044,  13, 120, 32,  ;
LV_153, 421,  2143.1142,  2807.1777,    10.5764,  92.5021,  30,  72, 32,  ;
LV_154, 480,  2167.2463,  2750.6987,    10.5947, 271.0784,  12,  12, 32,  ;
LV_155, 419,  2349.0527,  2578.4848,    10.6134,   0.1656,   2,  39, 32,  ;
LV_156, 448,  2363.0668,  2531.9736,    10.4173, 267.6789,   3,   6, 32,  ;
LV_157, 541,  2417.8662,  2529.0085,    10.4449, 178.9855,  36,   8, 32,  ;
LV_158, 415,  2455.1401,  2531.6059,    21.6457, 179.4472,   0,   1, 32,  ;
LV_159, 418,  2530.6252,  2535.9523,    21.9678, 268.5748,  81,  81, 32,  ;
LV_160, 436,  2506.2001,  2515.6662,    21.6410,  88.9684,  11,   1, 32,  ;
LV_161, 429,  2537.9023,  2397.2529,     3.8905,   0.5157,  10,  10, 32,  ;
LV_162, 474,  2511.0983,  2394.3940,    10.5827, 269.3659,  97,   1, 32,  ;
LV_163, 477,  2501.1005,  2131.0410,    10.4987, 269.4453,  92,   1, 32,  ;
LV_164, 518,  2589.0197,  2166.3142,    10.4839,   1.1502,  17,   1, 32,  ;
LV_165, 533,  2620.0979,  2086.9113,    10.5281, 180.6504,  79,   1, 32,  ;
LV_166, 535,  2567.6166,  2059.1948,    10.5846,   0.8758,  28,   1, 32,  ;
LV_167, 541,  2075.6462,  1312.3135,    10.2966, 359.4287,   2,   1, 32,  ;
LV_168, 546,  2183.6970,  1878.7114,    10.5447, 359.9917,  78,  38, 32,  ;
LV_169, 410,  2192.2409,  1856.6901,    10.6209, 181.3347,  75,   1, 32,  ;
LV_170, 480,  2203.4362,  1787.9411,    10.5033, 179.6947,  60,   1, 32,  ;
LV_171, 541,  2181.5310,  1821.7204,    10.4450,   0.6193,  51,   1, 32,  ;
LV_172, 533,  2129.1848,  1810.2719,    10.3809, 332.9410,  74,   1, 32,  ;
LV_173, 477,  2118.6621,  1892.0770,    10.3762, 181.2667,   6,   6, 32,  ;
LV_174, 410,  2118.6232,  1910.1948,    10.7687, 180.4237,  40, 110, 32,  ;
LV_175, 496,  2102.4213,  2066.0053,    10.5366, 270.8547,  66,  72, 32,  ;
LV_176, 477,  2103.5483,  2089.0322,    10.5740, 269.2954, 101,   1, 32,  ;
LV_177, 516,  2028.6848,  2155.9724,    10.6247, 264.3125,   2,  39, 32,  ;
LV_178, 522,  1995.4116,  2185.7836,    10.3812, 183.3890,  36, 105, 32,  ;
LV_179, 508,  2010.5963,  2137.1594,    11.1969, 270.0610,   1,   1, 32,  ;
LV_180, 414,  2005.9337,  2059.6008,    10.9940, 181.8287, 110,  93, 32,  ;
LV_181, 414,  2060.3393,  2237.0126,    10.5446,  89.3481, 121,  93, 32,  ;
LV_182, 448,  2077.0783,  2226.7165,    10.4141,   3.1700,   3,   6, 32,  ;
LV_183, 420,  2107.7360,  2206.7978,    10.8238, 178.2615,   6,  76, 32,  ;
LV_184, 516,  2094.5529,  2206.6325,    10.5903, 178.8516, 119,  45, 32,  ;
LV_185, 477,  2156.2788,  2188.8767,    10.3515, 358.4281,  14,  14, 32,  ;
LV_186, 415,  2339.1323,  2114.0561,    10.4511, 177.1575,  20,   1, 32,  ;
LV_187, 409,  2361.3320,  2170.0617,    10.5250, 359.3093,   1,   1, 32,  ;
LV_188, 461,  2380.3522,  2018.2645,    10.3402, 272.1906,  13,   1, 32,  ;
LV_189, 587,  2338.7590,  1943.9525,    10.4102, 182.1739,  40,   1, 32,  ;
LV_190, 482,  2221.3479,  1944.5292,     9.7951,  87.2554,  37,  37, 32,  ;
LV_191, 479,  2272.5029,  1953.1041,     9.4898, 179.0292,   7,   7, 32,  ;
LV_192, 541,  2244.7246,  1997.9194,    15.4281,   0.8475,  12,  32, 32,  ;
LV_193, 541,  2222.4797,  1936.1878,    25.9241,  88.7210,  68,   8, 32,  ;
LV_194, 415,  2294.6262,  1952.2435,    26.0251, 268.4258,   7,   7, 32,  ;
LV_195, 436,  2246.8061,  1939.5152,    31.5463, 179.6696,  33,   0, 32,  ;
LV_196, 461,  2283.6469,  1975.2380,    28.4011, 180.9682,  62,  62, 32,  ;
LV_197, 482,  2217.0319,  2048.4802,    10.9455,  89.9095,  85,  85, 32,  ;
LV_198, 479,  2296.6074,  2046.1453,    10.6169, 271.5166,  49,  23, 32,  ;
LV_199, 461,  2259.0544,  2065.4904,    10.3872,   2.1429,  61,   1, 32,  ;
LV_200, 477,  2272.6032,  2326.2434,    10.5271,  88.5972,  61,  61, 32,  ;
LV_201, 401,  2464.2082,  2236.9704,    10.5507,  88.6524,  39,  39, 32,  ;
LV_202, 428,  2242.5024,  2231.3747,    10.9010, 270.8859,   4,  75, 32,  ;
LV_203, 516,  2007.5070,  2263.2092,    17.6074,   2.4052,  13,  76, 32,  ;
LV_204, 522,  2014.7938,  2244.9580,    23.4848, 269.4012,   8,  82, 32,  ;
LV_205, 436,  1907.2633,  2290.8405,    11.0000, 180.4904,  84,   1, 32,  ;
LV_206, 480,  1705.0334,  2242.9836,    10.5940, 179.6408,  12,  12, 32,  ;
LV_207, 436,  1691.1773,  2131.1425,    11.0799,  91.2324,  87,   1, 32,  ;
LV_208, 414,  1842.6187,  2090.4555,    10.8907, 176.3065,  36,  36, 32,  ;
LV_209, 436,  1908.1818,  2078.6569,    10.5694, 270.3529,  53,   1, 32,  ;
LV_210, 516,  1912.8294,  2158.5737,    10.6164, 271.8315,  47,  47, 32,  ;
LV_211, 525,  1963.4599,  2171.0207,    10.6913, 257.1353,   1,   1, 32,  ;
LV_212, 496,  1993.2475,  2058.3520,    10.5367, 357.2019,  53,  56, 32,  ;
LV_213, 535,  2075.9631,  1677.7249,    10.4350,   0.1849, 118,   1, 32,  ;
LV_214, 418,  2452.3093,  1357.8304,    10.9133, 359.7694,  61,  61, 32,  ;
LV_215, 415,  2447.5729,  1327.1135,    10.5908, 179.6455,   0,   1, 32,  ;
LV_216, 414,  2612.0541,  1429.5335,    10.9139, 183.7790,  24,   1, 32,  ;
LV_217, 420,  2488.5161,  1534.1761,    10.5240, 231.4537,   6,   1, 32,  ;
LV_218, 409,  2481.3876,  1544.0385,    10.5122, 202.9676,   1,   1, 32,  ;
LV_219, 579,  2498.4194,  1676.3018,    10.5523,   1.3521, 101, 101, 32,  ;
LV_220, 474,  2463.0219,  1676.7266,    10.5831, 359.3128,  97,   1, 32,  ;
LV_221, 518,  2788.6518,  2431.3220,    10.4912, 314.8942,   2,  39, 32,  ;
LV_222, 516,  2815.1464,  2406.8417,    10.6541, 315.8334, 119,   1, 32,  ;
LV_223, 506,  2833.4592,  2309.8750,    10.5247, 179.7436,  76,  76, 32,  ;
LV_224, 516,  2891.3559,  2379.1252,    10.6230, 270.9465,  41,  29, 32,  ;
LV_225, 417,  2093.3754,  2415.1582,    74.7677,  94.3180,   2,  29, 32,  ;
LV_226, 402,  2095.8645,  2410.8190,    45.0503, 267.7614, 110, 110, 32,  ;
LV_227, 516,  2104.4489,  2396.0524,    40.6341, 271.3880, 119,  62, 32,  ;
LV_228, 402,  2095.8437,  2398.7416,    27.8897, 268.8988,  99,  81, 32,  ;
LV_229, 477,  2086.5783,  2416.6394,    23.4230,  90.8220,   3,   3, 32,  ;
LV_230, 516,  2103.9829,  2419.3713,    14.8978, 270.8128,  24,  55, 32,  ;
LV_231, 561,  2065.8535,  2479.7612,    10.6989, 359.7304,   4,   1, 32,  ;
LV_232, 414,  2130.8403,  2514.2133,    10.9139, 193.6681,  24,   1, 32,  ;
LV_233, 410,  1900.4617,  2437.4228,    10.4739,  92.5165,  45,   1, 32,  ;
LV_234, 408,  1730.6009,  2336.2702,    11.3684,   2.6345,  26,  26, 32,  ;
LV_235, 486,  2707.1850,   822.1657,    10.7179,   2.5506,   1,   1, 32,  ;
LV_236, 486,  2707.0009,   908.6336,    10.8979, 176.3524,   1,   1, 32,  ;
LV_237, 482,  2697.6645,   885.6911,    10.3113, 271.4880,  71,  71, 32,  ;
LV_238, 554,  2701.6408,   828.3740,    10.1758, 359.8369,  15,  32, 32,  ;
LV_239, 524,  2635.2407,   848.0072,     6.7986, 311.1719,  61,  27, 32,  ;
LV_240, 524,  2630.1240,   851.0532,     6.9724, 315.8478,  65,  31, 32,  ;
LV_241, 530,  2687.1552,   909.9475,    10.4912, 199.4376, 111,   1, 32,  ;
LV_242, 530,  2683.3469,   908.7888,    10.4567, 197.7386, 112,   1, 32,  ;
LV_243, 455,  2685.8137,   864.3541,    10.3587, 358.5817,  84,  58, 32,  ;
LV_244, 560,  2705.9064,   788.8524,    10.6036, 359.2398,  33,   0, 32,  ;
LV_245, 403,  2873.0920,   920.3176,    11.3571,  94.3495,  28,   1, 32,  ;
LV_246, 403,  2873.2282,   913.3621,    11.7676,  85.7951,  24,  77, 32,  ;
LV_247, 435,  2855.4206,   896.0324,    11.1716, 359.7547,  24,  77, 32,  ; // trailer
LV_248, 435,  2818.0834,   897.6704,    11.3011, 359.2284,  24,  77, 32,  ; // trailer
LV_249, 435,  2827.5466,   897.5560,    11.2943,   0.9413,  24,  77, 32,  ; // trailer
LV_250, 530,  2884.7033,   941.7673,    10.5160,  90.4366, 112,   1, 32,  ;
LV_251, 530,  2833.1491,   996.5211,    10.5143, 173.6815,  13,   1, 32,  ;
LV_252, 482,  2805.1533,   968.8242,    10.8708, 178.9078,  48,  48, 32,  ;
LV_253, 560,  2817.4511,   941.4572,    10.4555,   0.9883,   9,  39, 32,  ;
LV_254, 578,  2840.3525,   994.4777,    11.3743, 176.8262,   1,   1, 32,  ;
