RED_000, 466,   287.4403,   -53.5150,     1.3216, 180.3742,  62,  34, 32,  ;
RED_001, 422,   109.2890,  -150.6062,     1.7834, 182.5753,  89, 108, 32,  ;
RED_002, 498,  -196.8096,  -232.7299,     1.4901,  90.5921, 133,  57, 32,  ;
RED_003, 403,  -199.9956,  -285.4143,     2.0350,  90.5923, 133,  57, 32,  ;
RED_004, 403,  -200.2189,  -275.2890,     2.0383,  91.6567, 133,  57, 32,  ;
RED_005, 578,  -194.7877,  -196.3294,     2.0529, 257.8565, 133,  57, 32,  ;
RED_006, 422,  -169.0729,  -202.1835,     1.4063, 257.8461, 133,  57, 32,  ;
RED_007, 402,   -39.7196,  -377.4630,     5.2613, 180.2380,  29,  36, 32,  ;
RED_008, 566,    -9.5253,  -377.6481,     5.2111, 178.0852,  30,   8, 32,  ;
RED_009, 529,    -0.4524,  -353.8909,     5.0620, 269.4471,  42,  42, 32,  ;
RED_010, 603,   -62.5941,  -324.9349,     5.2677,  90.3766,  70,  67, 32,  ;
RED_011, 401,   179.2976,  -310.8240,     1.3518, 207.7474,  47,  47, 32,  ;
RED_012, 445,   319.0325,  -126.0533,     2.0655,  90.7404, 120, 119, 32,  ;
RED_013, 440,   329.5296,   -52.3254,     1.6188, 177.8881,  32,  32, 32,  ;
RED_014, 458,   319.1394,   -84.5798,     2.0518,  91.7452, 101,   1, 32,  ;
RED_015, 467,   218.0326,  -178.1497,     1.3181, 270.4042,  58,   8, 32,  ;
RED_016, 475,   218.7911,  -173.3128,     1.3817, 270.2327, 123,  65, 32,  ;
RED_017, 489,   244.8728,  -148.5339,     1.7216,  88.8349,  14, 123, 32,  ;
RED_018, 492,   247.1553,  -129.2906,     2.0627,  90.8534,  77,  26, 32,  ;
RED_019, 498,   176.3294,    -7.4976,     1.6480, 180.2088, 105, 113, 32,  ;
RED_020, 439,   278.4607,   -54.8498,     1.4739, 359.8853,   8,  17, 32,  ;
RED_021, 475,   320.5599,  -253.1714,     1.3885, 176.4384,  17,   1, 32,  ;
RED_022, 524,   312.2955,  -251.1325,     2.5129, 175.4649,  61,  27, 32,  ;
RED_023, 527,   235.0122,  -300.2692,     1.2936,   2.3085,  53,   1, 32,  ;
RED_024, 536,   213.0003,  -244.5480,     1.3202, 272.8866,  38, 103, 32,  ;
RED_025, 531,  1077.2227,  -288.7219,    73.9531, 358.7784,  36,   2, 32,  ;
RED_026, 422,  1112.7650,  -306.5776,    73.9654, 267.5964, 101,  25, 32,  ;
RED_027, 531,  1067.0961,  -288.6842,    73.9569,   2.3921,  51,  53, 32,  ;
RED_028, 599,   622.2626,  -610.1339,    17.3153, 270.2242,   0,   1, 32,  ;
RED_029, 599,   622.2755,  -606.0399,    17.3059, 269.8338,   0,   1, 32,  ;
RED_030, 585,   707.2459,  -461.4757,    15.9223, 269.7681,  91,  35, 32,  ;
RED_031, 500,   667.6416,  -461.4851,    16.4435, 268.6326,  40,  84, 32,  ;
RED_032, 461,   669.1239,  -471.0320,    15.9138, 270.8030,  37,   1, 32,  ;
RED_033, 542,   668.1328,  -546.3010,    16.0793, 269.8266,  90,  90, 32,  ;
RED_034, 522,   753.7540,  -586.7283,    16.9004, 181.3294,  36, 105, 32,  ;
RED_035, 549,   748.6428,  -581.7985,    16.9130, 269.3826,  94,  94, 32,  ;
RED_036, 429,   763.1588,  -509.2890,    16.8661, 180.4317, 127,  44, 32,  ;
RED_037, 547,   786.0645,  -498.4352,    17.0708,   3.0964, 123,   1, 32,  ;
RED_038, 456,   797.4796,  -607.9578,    16.5111,   0.4181,  84,  63, 32,  ;
RED_039, 554,   751.6055,  -553.2161,    17.3698, 180.8740,  15,  32, 32,  ;
RED_040, 445,  1396.5654,   395.3847,    19.6326,  66.5843,  47,  47, 32,  ;
RED_041, 559,  1404.2180,   411.9714,    19.4141,  67.1747,  58,   8, 32,  ;
RED_042, 580,   768.8480,   348.3186,    19.7427, 190.0995,  81,  81, 32,  ;
RED_043, 473,  2103.2500,   -98.4897,    -0.2213, 122.9253,  56,  53, 32,  ;
RED_044, 473,  2108.5275,  -106.2101,    -0.2393, 122.9440,  56,  15, 32,  ;
RED_045, 448,  2323.3232,    63.0302,    26.0883, 265.2745,   3,   6, 32,  ;
RED_046, 439,  2358.1835,   -62.4556,    27.3645, 179.8343,  37,  78, 32,  ;
RED_047, 436,  2443.9980,   -47.9165,    26.9962, 179.6730,  87,   1, 32,  ;
RED_048, 436,  2503.7507,   125.9337,    26.2434,   1.0102,  92,   1, 32,  ;
RED_049, 419,  2493.9169,    95.9779,    26.2805, 179.8298,  47,  76, 32,  ;
RED_050, 412,  2549.9116,    81.1801,    26.3143, 270.4565,  10,   8, 32,  ;
RED_051, 410,  2551.1191,     9.4252,    26.6690, 270.6199,   9,   1, 32,  ;
RED_052, 508,  2502.7741,     6.0906,    27.5811,   2.9588,   1,   1, 32,  ;
RED_053, 505,  2380.9570,    37.7924,    27.1163,  89.9017, 120, 123, 32,  ;
RED_054, 500,  2211.6928,   -88.3423,    26.9027,  88.7286,  13, 119, 32,  ;
RED_055, 496,  2263.8969,   -82.7568,    26.2451,   1.1014,  66,  72, 32,  ;
RED_056, 492,  2257.5104,   -83.1763,    26.3073, 359.2124,  30,  26, 32,  ;
RED_057, 405,  2290.2622,   155.5207,    26.9787,   0.1089,  24,   1, 32,  ;
RED_058, 532,  1996.7519,   175.8992,    31.3614,  79.7076,   0,   0, 32,  ;
RED_059, 532,  1914.0113,   192.1062,    36.0154, 358.2131,   0,   0, 32,  ;
RED_060, 478,  1905.3486,   174.1228,    37.1748, 341.5606,  66,   1, 32,  ;
RED_061, 549,  1240.2758,   214.9924,    19.2518, 243.7369,  79,  39, 32,  ;
RED_062, 550,  1367.7468,   365.9338,    20.3661, 246.2637,  15,  15, 32,  ;
RED_063, 547,  1289.3825,   339.9177,    19.2903, 247.1900, 123,   1, 32,  ;
RED_064, 536,  1231.7341,   295.6075,    19.2922, 336.8392,  57,  96, 32,  ;
RED_065, 455,  -580.8630,   -64.8466,    65.3631,   3.7867,  84,  31, 32,  ;
RED_066, 468,  -543.4542,  -180.5744,    78.0749,   4.1579,  53,  53, 32,  ;
RED_067, 468,  -541.5283,  -180.6667,    78.0746,   0.2240,  53,  53, 32,  ;
RED_068, 471,  -774.8654,  -115.3843,    64.6716,  24.2185, 120, 112, 32,  ;
RED_069, 471,  -771.7145,  -113.4644,    64.8308,  26.8405, 120, 112, 32,  ;
RED_070, 532,  -273.9301,   -41.3983,     3.4405, 339.6637,   0,   0, 32,  ;
RED_071, 532,  -127.1731,    55.7261,     4.0942, 158.3291,   0,   0, 32,  ;
RED_072, 478,  -137.3238,   -48.9942,     3.1078, 342.2243,  35,   1, 32,  ;
RED_073, 475,  1368.2946,   476.2749,    19.9363, 335.9671,  37,   0, 32,  ;
RED_074, 475,  2331.3063,   133.1183,    26.7203, 270.6835,  17,   1, 32,  ;
RED_075, 482,  2308.6682,   -74.7183,    26.5995,  89.9092,  48,  48, 32,  ;
RED_076, 468,  2208.6223,   110.5542,    27.0100, 275.3439,  53,  53, 32,  ;
RED_077, 471,  1923.8338,   147.8247,    36.7281,  93.4718, 103, 111, 32,  ;
RED_078, 415,  1586.3273,    38.5555,    24.6067, 272.3959,  25,   1, 32,  ;
RED_079, 468,  1547.5861,    10.6920,    23.7738, 265.3786,   3,   3, 32,  ;
RED_080, 402,   889.0991,   -21.7845,    63.1124, 152.4678,  13,  13, 32,  ;
RED_081, 403,  1207.5240,   189.3296,    20.9521, 334.8106,  37,   1, 32,  ;
RED_082, 416,  1249.8206,   338.2164,    19.6291,  66.7975,   1,   3, 32,  ;
RED_083, 482,  1335.0803,   284.7403,    19.6860, 243.0010,  52,  52, 32,  ;
RED_084, 468,  1414.2615,   248.6772,    19.2238,  65.7798,   6,   6, 32,  ;
RED_085, 475,   751.2299,   277.2576,    27.1364, 199.6289,  56,  29, 32,  ;
RED_086, 468,   747.8585,   346.7843,    20.1558, 209.1134,   6,   6, 32,  ;
RED_087, 403,   221.6419,    30.1998,     3.1849, 186.4463,  28,   1, 32,  ;
RED_088, 525,   157.2516,  -166.2276,     1.4527,  90.9328,  17,  20, 32,  ;
RED_089, 532,    20.7658,    24.6322,     4.0942, 340.4432,   0,   0, 32,  ;
RED_090, 532,    -6.4191,   -11.1534,     4.0939, 163.1181,   0,   0, 32,  ;
RED_091, 460,  -332.7806,  -467.6666,     1.6828, 228.5234,   1,   9, 32,  ;
RED_092, 403,  -564.8430,  -473.1026,    26.1266, 178.3204, 113,   1, 32,  ;
RED_093, 415,  -535.2667,  -488.2196,    25.2957, 358.2052,  40,   1, 32,  ;
RED_094, 479,  -499.9451,  -472.3691,    25.3183, 178.8489,  59,  36, 32,  ;
RED_095, 482,  -480.4370,  -486.2536,    25.6331, 177.1058,  64,  64, 32,  ;
