SFCOP_000, 427, -1634.3652,   653.2299,     7.3194, 359.8378,   0,   1, 0,  ; // enforcer
SFCOP_001, 427, -1600.1411,   678.0488,    -5.1103,   1.1345,   0,   1, 0,  ;
SFCOP_002, 427, -1582.2725,   672.2100,     7.3207, 180.9813,   0,   1, 0,  ;
SFCOP_003, 497, -1679.7034,   706.0007,    30.7780,  89.8723,   0,   1, 0,  ; // police maverick
SFCOP_004, 523, -1576.0360,   673.7034,     6.7562, 174.5966,   0,   0, 0,  ; // hpv
SFCOP_005, 523, -1575.9230,   650.4583,     6.7582,   0.9075,   0,   0, 0,  ;
SFCOP_006, 523, -1612.2232,   674.1516,     6.7544, 184.0847,   0,   0, 0,  ;
SFCOP_007, 597, -1593.6232,   651.7213,     6.9566,   1.3898,   0,   1, 0,  ; // sf cruiser
SFCOP_008, 597, -1622.5197,   651.7484,     6.9555, 359.8125,   0,   1, 0,  ;
SFCOP_009, 597, -1573.9720,   726.4003,    -5.4721,  91.1968,   0,   1, 0,  ;
SFCOP_010, 597, -1596.5836,   749.3447,    -5.4724, 178.5932,   0,   1, 0,  ;
SFCOP_011, 597, -1606.3083,   673.1804,     6.9552, 179.1846,   0,   1, 0,  ;
SFCOP_012, 597, -1610.8358,   651.5051,     6.9563, 359.9974,   0,   1, 0,  ;
SFCOP_013, 597, -1622.9976,   653.4960,    -5.4741,  89.9343,   0,   1, 0,  ;
SFCOP_014, 597, -1639.4895,   677.9890,    -5.4742, 269.9375,   0,   1, 0,  ;
SFCOP_015, 432, -1715.3572,   395.4476,     7.1870, 225.0341,  43,   0, 0,  ; // rhino
SFCOP_016, 432, -1369.4315,   458.8070,     7.1949,   0.0013,  43,   0, 0,  ;
SFCOP_017, 432, -1648.0393,  -406.0679,    14.1559, 339.4902,  43,   0, 0,  ;
SFCOP_018, 433, -1424.8402,   457.6087,     7.6209, 359.6163,  43,   0, 0,  ; // barracks
SFCOP_019, 433, -1402.0039,   460.9283,     7.6209,   0.1365,  43,   0, 0,  ;
SFCOP_020, 433, -1362.9228,   458.9281,     7.6241, 357.4277,  43,   0, 0,  ;
SFCOP_021, 433, -1529.5906,   457.3812,     7.6237, 358.3717,  43,   0, 0,  ;
SFCOP_022, 433, -1651.0330,  -360.3627,    14.6787,  85.6884,  43,   0, 0,  ;
SFCOP_023, 447, -1647.0604,  -380.2933,    14.2440,  44.6162,  75,   2, 0,  ; // seasparrow
SFCOP_024, 470, -1493.2729,   466.8753,     7.1792, 359.6405,  43,   0, 0,  ; // patriot
SFCOP_025, 470, -1456.7275,   456.4802,     7.1827,   1.8611,  43,   0, 0,  ;
SFCOP_026, 470, -1433.3400,   455.8417,     7.1753, 359.2850,  43,   0, 0,  ;
SFCOP_027, 470, -1387.7540,   457.1160,     7.1785, 356.7607,  43,   0, 0,  ;
SFCOP_028, 470, -1383.2446,   457.2296,     7.1793, 359.1241,  43,   0, 0,  ;
SFCOP_029, 470, -1665.3950,  -403.1166,    14.1422,  44.5802,  43,   0, 0,  ;
SFCOP_030, 470, -1667.9392,  -392.6574,    14.1357, 201.0908,  43,   0, 0,  ;
SFCOP_031, 470, -1639.7337,  -370.1368,    14.1370, 223.3760,  43,   0, 0,  ;
SFCOP_032, 520, -1455.0100,   501.4997,    18.9890, 269.7391,   0,   0, 0,  ; // hydra
SFCOP_033, 520, -1661.2808,  -388.5895,    14.8716,  25.3045,   0,   0, 0,  ;
SFCOP_034, 520, -1675.5770,  -398.8627,    14.8716,  38.1195,   0,   0, 0,  ;
SFCOP_035, 548, -1269.9818,   501.5400,    18.8271,  88.8878,  43,   0, 0,  ; // cargobob
SFCOP_036, 548, -1415.5240,   517.8834,    19.8976, 270.0523,   1,   1, 0,  ;
SFCOP_037, 548, -1415.3322,   492.7466,    19.8675, 271.5520,   1,   1, 0,  ;
SFCOP_038, 548, -1304.2272,   507.9385,    19.8768, 269.1332,   1,   1, 0,  ;
SFCOP_039, 416, -2643.2285,   630.0391,    14.6034,  87.3836,   1,   3, 0,  ; // ambulance
SFCOP_040, 416, -2683.8833,   628.2058,    14.6035, 272.5255,   1,   3, 0,  ;
SFCOP_041, 416, -2668.5363,   610.7019,    14.6042, 179.8034,   1,   3, 0,  ;
SFCOP_042, 416, -2639.3808,   609.7971,    14.6020, 180.4546,   1,   3, 0,  ;
SFCOP_043, 472, -1165.9481,   376.5309,     0.1491, 315.1258,  56,  53, 0,  ; // coastguard
SFCOP_044, 472, -1421.6274,   285.5732,    -0.2879, 265.7999,  46,  26, 0,  ; // coastguard
SFCOP_045, 472, -1653.0968,   254.7861,     0.2592, 268.0484, 112,  20, 0,  ; // coastguard
SFCOP_046, 544, -2053.1835,    75.5581,    28.6257,  91.8533,   3,   1, 1,  ; // firetruck
