LANDSTAL        1700.00        160.00        25.00
BRAVURA        1300.00        160.00        15.00
BUFFALO        1500.00        200.00        28.00
LINERUN        3800.00        120.00        25.00
PEREN        1200.00        150.00        18.00
SENTINEL        1600.00        165.00        24.00
DUMPER        20000.00        110.00        25.00
FIRETRUK        6500.00        170.00        27.00
TRASH        5500.00        110.00        20.00
STRETCH        2200.00        180.00        18.00
MANANA        1000.00        160.00        19.00
INFERNUS        1400.00        240.00        30.00
VOODOO        1800.00        160.00        23.00
PONY        2600.00        160.00        15.00
MULE        3500.00        140.00        18.00
CHEETAH        1200.00        230.00        30.00
AMBULAN        2600.00        155.00        24.00
MOONBEAM        2000.00        150.00        15.00
ESPERANT        1800.00        160.00        18.00
TAXI        1450.00        180.00        19.00
WASHING        1850.00        180.00        21.00
BOBCAT        1700.00        165.00        20.00
MRWHOOP        1700.00        145.00        14.00
BFINJECT        1200.00        170.00        30.00
PREMIER        1600.00        200.00        22.00
ENFORCER        4000.00        170.00        20.00
SECURICA        7000.00        170.00        15.00
BANSHEE        1400.00        200.00        33.00
BUS        5500.00        130.00        14.00
RHINO        25000.00        80.00        40.00
BARRACKS        10500.00        180.00        20.00
HOTKNIFE        1400.00        200.00        28.00
ARTICT1        3800.00        120.00        18.00
PREVION        1400.00        160.00        18.00
COACH        9500.00        160.00        18.00
CABBIE        1750.00        160.00        24.00
STALLION        1600.00        160.00        23.00
RUMPO        2000.00        160.00        18.00
RCBANDIT        100.00        75.00        35.00
ROMERO        2500.00        150.00        16.00
PACKER        8000.00        150.00        13.00
MONSTER        5000.00        110.00        45.00
ADMIRAL        1650.00        165.00        22.00
TRAM        1900.00        150.00        25.00
AIRTRAIN        25500.00        140.00        24.00
ARTICT2        3800.00        120.00        18.00
TURISMO        1400.00        240.00        30.00
FLATBED        8500.00        140.00        25.00
YANKEE        4500.00        160.00        14.00
GOLFCART        1000.00        160.00        15.00
SOLAIR        2000.00        165.00        20.00
TOPFUN        1900.00        160.00        15.00
GLENDALE        1600.00        160.00        22.00
OCEANIC        1900.00        160.00        16.00
PATRIOT        2500.00        170.00        25.00
HERMES        1950.00        160.00        18.00
SABRE        1700.00        160.00        24.00
ZR350        1400.00        200.00        28.00
WALTON        1850.00        150.00        14.00
REGINA        2500.00        200.00        18.00
COMET        1400.00        200.00        30.00
BURRITO        1900.00        150.00        25.00
CAMPER        1900.00        120.00        16.00
BAGGAGE        1000.00        160.00        20.00
DOZER        10000.00        100.00        35.00
RANCHER        2500.00        170.00        20.00
FBIRANCH        3500.00        170.00        22.00
VIRGO        1700.00        160.00        18.00
GREENWOO        1600.00        160.00        20.00
HOTRING        1600.00        220.00        26.00
SANDKING        2000.00        170.00        28.00
BLISTAC        1000.00        200.00        26.00
BOXVILLE        5500.00        140.00        14.00
BENSON        3500.00        140.00        14.00
MESA        1300.00        160.00        24.00
BLOODRA        2100.00        160.00        24.00
BLOODRB        1600.00        160.00        26.00
SUPERGT        1400.00        230.00        26.00
ELEGANT        2200.00        165.00        20.00
JOURNEY        3500.00        140.00        14.00
PETROL        3800.00        120.00        25.00
RDTRAIN        5000.00        120.00        25.00
NEBULA        1400.00        165.00        20.00
MAJESTIC        1400.00        165.00        22.00
BUCCANEE        1700.00        160.00        24.00
CEMENT        5500.00        110.00        20.00
TOWTRUCK        3500.00        160.00        25.00
FORTUNE        1700.00        160.00        20.00
CADRONA        1200.00        160.00        20.00
FBITRUCK        4000.00        170.00        25.00
WILLARD        1800.00        160.00        18.00
FORKLIFT        1000.00        60.00        20.00
TRACTOR        2000.00        70.00        20.00
COMBINE        8500.00        140.00        25.00
FELTZER        1600.00        200.00        28.00
REMINGTN        1800.00        160.00        23.00
SLAMVAN        1950.00        160.00        40.00
BLADE        1500.00        160.00        24.00
FREIGHT        5500.00        110.00        20.00
STREAK        5500.00        110.00        20.00
VINCENT        1800.00        160.00        18.00
BULLET        1200.00        230.00        30.00
CLOVER        1600.00        160.00        24.00
SADLER        1700.00        165.00        25.00
RANGER        1700.00        160.00        20.00
HUSTLER        1700.00        160.00        22.00
INTRUDER        1800.00        160.00        18.00
PRIMO        1600.00        160.00        18.00
TAMPA        1700.00        160.00        24.00
SUNRISE        1600.00        160.00        17.00
MERIT        1800.00        165.00        22.00
UTILITY        2600.00        160.00        18.00
YOSEMITE        3000.00        170.00        25.00
WINDSOR        1500.00        180.00        30.00
MTRUCK_A        5000.00        110.00        45.00
MTRUCK_B        5000.00        110.00        45.00
URANUS        1400.00        200.00        20.00
JESTER        1500.00        200.00        28.00
SULTAN        1400.00        200.00        28.00
STRATUM        1800.00        200.00        20.00
ELEGY        1500.00        200.00        28.00
RCTIGER        100.00        75.00        35.00
FLASH        1400.00        200.00        24.00
TAHOMA        1800.00        160.00        24.00
SAVANNA        1500.00        160.00        24.00
BANDITO        1000.00        170.00        35.00
FREIFLAT        5500.00        110.00        20.00
CSTREAK        5500.00        110.00        20.00
KART        300.00        90.00        18.00
MOWER        800.00        60.00        12.00
DUNE        10000.00        110.00        35.00
SWEEPER        800.00        60.00        12.00
BROADWAY        1700.00        160.00        20.00
TORNADO        1700.00        160.00        20.00
DFT30        5500.00        110.00        20.00
HUNTLEY        2500.00        160.00        25.00
STAFFORD        2200.00        165.00        24.00
NEWSVAN        1900.00        160.00        15.00
TUG        800.00        170.00        15.00
PETROTR        3800.00        120.00        18.00
EMPEROR        1800.00        165.00        21.00
FLOAT        5500.00        110.00        20.00
EUROS        1400.00        200.00        24.00
HOTDOG        5500.00        140.00        14.00
CLUB        1400.00        200.00        30.00
ARTICT3        3800.00        120.00        18.00
RCCAM        100.00        60.00        50.00
POLICE_L        1600.00        200.00        25.00
POLICE_S        1600.00        200.00        25.00
POLICE_V        1600.00        200.00        25.00
POLRANGE        2500.00        160.00        30.00
PICADOR        1600.00        165.00        25.00
SWATVAN        5000.00        110.00        24.00
ALPHA        1500.00        200.00        23.00
PHOENIX        1500.00        200.00        26.00
BAGBOXA        1000.00        160.00        20.00
BAGBOXB        1000.00        160.00        20.00
STAIRS        1000.00        160.00        20.00
BOXBURG        5500.00        140.00        14.00
FARM_TR1        400.00        160.00        20.00
UTIL_TR1        1000.00        160.00        20.00
ROLLER        1000.00        160.00        15.00
BIKE        500.00        190.00        50.00
MOPED        350.00        190.00        30.00
DIRTBIKE        500.00        190.00        50.00
FCR900        500.00        190.00        50.00
NRG500        400.00        190.00        60.00
HPV1000        500.00        190.00        50.00
BF400        500.00        190.00        50.00
WAYFARER        800.00        190.00        40.00
QUADBIKE        400.00        160.00        25.00
BMX        100.00        120.00        18.00
CHOPPERB        100.00        120.00        18.00
MTB        100.00        140.00        25.00
FREEWAY        800.00        190.00        40.00
PREDATOR        2200.00        190.00        1.70
SPEEDER        2200.00        190.00        2.50
REEFER        5000.00        190.00        0.69
RIO        3000.00        190.00        0.50
SQUALO        2200.00        190.00        3.00
TROPIC        2200.00        190.00        1.39
COASTGRD        1200.00        190.00        1.60
DINGHY        800.00        190.00        1.20
MARQUIS        5000.00        190.00        0.50
CUPBOAT        3000.00        190.00        3.00
LAUNCH        2200.00        190.00        1.50
SEAPLANE        5000.00        200.00        1.70
VORTEX        1900.00        150.00        2.00
RUSTLER        5000.00        200.00        16.00
BEAGLE        10000.00        200.00        16.00
CROPDUST        5000.00        200.00        16.00
STUNT        5000.00        200.00        16.00
SHAMAL        15000.00        200.00        16.00
HYDRA        9000.00        200.00        16.00
NEVADA        25000.00        200.00        16.00
AT400        60000.00        200.00        16.00
ANDROM        40000.00        200.00        16.00
DODO        5000.00        200.00        16.00
SPARROW        2500.00        200.00        16.00
SEASPAR        3000.00        200.00        16.00
MAVERICK        5000.00        200.00        16.00
COASTMAV        3500.00        200.00        16.00
POLMAV        4500.00        200.00        16.00
HUNTER        10000.00        200.00        16.00
LEVIATHN        15000.00        200.00        16.00
CARGOBOB        20000.00        200.00        16.00
RAINDANC        10000.00        200.00        16.00
RCBARON        100.00        75.00        1.00
RCGOBLIN        100.00        75.00        35.00
RCRAIDER        100.00        75.00        35.00
LANDSTAL        1700.00        160.00        25.00
BRAVURA        1300.00        160.00        15.00
BUFFALO        1500.00        200.00        28.00
LINERUN        3800.00        120.00        25.00
PEREN        1200.00        150.00        18.00
SENTINEL        1600.00        165.00        24.00
DUMPER        20000.00        110.00        25.00
FIRETRUK        6500.00        170.00        27.00
TRASH        5500.00        110.00        20.00
STRETCH        2200.00        180.00        18.00
MANANA        1000.00        160.00        19.00
INFERNUS        1400.00        240.00        30.00
VOODOO        1800.00        160.00        23.00
PONY        2600.00        160.00        15.00
MULE        3500.00        140.00        18.00
CHEETAH        1200.00        230.00        30.00
AMBULAN        2600.00        155.00        24.00
MOONBEAM        2000.00        150.00        15.00
ESPERANT        1800.00        160.00        18.00
TAXI        1450.00        180.00        19.00
WASHING        1850.00        180.00        21.00
BOBCAT        1700.00        165.00        20.00
MRWHOOP        1700.00        145.00        14.00
BFINJECT        1200.00        170.00        30.00
PREMIER        1600.00        200.00        22.00
ENFORCER        4000.00        170.00        20.00
SECURICA        7000.00        170.00        15.00
BANSHEE        1400.00        200.00        33.00
BUS        5500.00        130.00        14.00
RHINO        25000.00        80.00        40.00
BARRACKS        10500.00        180.00        20.00
HOTKNIFE        1400.00        200.00        28.00
ARTICT1        3800.00        120.00        18.00
PREVION        1400.00        160.00        18.00
COACH        9500.00        160.00        18.00
CABBIE        1750.00        160.00        24.00
STALLION        1600.00        160.00        23.00
RUMPO        2000.00        160.00        18.00
RCBANDIT        100.00        75.00        35.00
ROMERO        2500.00        150.00        16.00
PACKER        8000.00        150.00        13.00
MONSTER        5000.00        110.00        45.00
ADMIRAL        1650.00        165.00        22.00
TRAM        1900.00        150.00        25.00
AIRTRAIN        25500.00        140.00        24.00
ARTICT2        3800.00        120.00        18.00
TURISMO        1400.00        240.00        30.00
FLATBED        8500.00        140.00        25.00
YANKEE        4500.00        160.00        14.00
GOLFCART        1000.00        160.00        15.00
SOLAIR        2000.00        165.00        20.00
TOPFUN        1900.00        160.00        15.00
GLENDALE        1600.00        160.00        22.00
OCEANIC        1900.00        160.00        16.00
PATRIOT        2500.00        170.00        25.00
HERMES        1950.00        160.00        18.00
SABRE        1700.00        160.00        24.00
ZR350        1400.00        200.00        28.00
WALTON        1850.00        150.00        14.00
REGINA        2500.00        200.00        18.00
COMET        1400.00        200.00        30.00
BURRITO        1900.00        150.00        25.00
CAMPER        1900.00        120.00        16.00
BAGGAGE        1000.00        160.00        20.00
DOZER        10000.00        100.00        35.00
RANCHER        2500.00        170.00        20.00
FBIRANCH        3500.00        170.00        22.00
VIRGO        1700.00        160.00        18.00
GREENWOO        1600.00        160.00        20.00
HOTRING        1600.00        220.00        26.00
SANDKING        2000.00        170.00        28.00
BLISTAC        1000.00        200.00        26.00
BOXVILLE        5500.00        140.00        14.00
BENSON        3500.00        140.00        14.00
MESA        1300.00        160.00        24.00
BLOODRA        2100.00        160.00        24.00
BLOODRB        1600.00        160.00        26.00
SUPERGT        1400.00        230.00        26.00
ELEGANT        2200.00        165.00        20.00
JOURNEY        3500.00        140.00        14.00
PETROL        3800.00        120.00        25.00
RDTRAIN        5000.00        120.00        25.00
NEBULA        1400.00        165.00        20.00
MAJESTIC        1400.00        165.00        22.00
BUCCANEE        1700.00        160.00        24.00
CEMENT        5500.00        110.00        20.00
TOWTRUCK        3500.00        160.00        25.00
FORTUNE        1700.00        160.00        20.00
CADRONA        1200.00        160.00        20.00
FBITRUCK        4000.00        170.00        25.00
WILLARD        1800.00        160.00        18.00
FORKLIFT        1000.00        60.00        20.00
TRACTOR        2000.00        70.00        20.00
COMBINE        8500.00        140.00        25.00
FELTZER        1600.00        200.00        28.00
REMINGTN        1800.00        160.00        23.00
SLAMVAN        1950.00        160.00        40.00
BLADE        1500.00        160.00        24.00
FREIGHT        5500.00        110.00        20.00
STREAK        5500.00        110.00        20.00
VINCENT        1800.00        160.00        18.00
BULLET        1200.00        230.00        30.00
CLOVER        1600.00        160.00        24.00
SADLER        1700.00        165.00        25.00
RANGER        1700.00        160.00        20.00
HUSTLER        1700.00        160.00        22.00
INTRUDER        1800.00        160.00        18.00
PRIMO        1600.00        160.00        18.00
TAMPA        1700.00        160.00        24.00
SUNRISE        1600.00        160.00        17.00
MERIT        1800.00        165.00        22.00
UTILITY        2600.00        160.00        18.00
YOSEMITE        3000.00        170.00        25.00
WINDSOR        1500.00        180.00        30.00
MTRUCK_A        5000.00        110.00        45.00
MTRUCK_B        5000.00        110.00        45.00
URANUS        1400.00        200.00        20.00
JESTER        1500.00        200.00        28.00
SULTAN        1400.00        200.00        28.00
STRATUM        1800.00        200.00        20.00
ELEGY        1500.00        200.00        28.00
RCTIGER        100.00        75.00        35.00
FLASH        1400.00        200.00        24.00
TAHOMA        1800.00        160.00        24.00
SAVANNA        1500.00        160.00        24.00
BANDITO        1000.00        170.00        35.00
FREIFLAT        5500.00        110.00        20.00
CSTREAK        5500.00        110.00        20.00
KART        300.00        90.00        18.00
MOWER        800.00        60.00        12.00
DUNE        10000.00        110.00        35.00
SWEEPER        800.00        60.00        12.00
BROADWAY        1700.00        160.00        20.00
TORNADO        1700.00        160.00        20.00
DFT30        5500.00        110.00        20.00
HUNTLEY        2500.00        160.00        25.00
STAFFORD        2200.00        165.00        24.00
NEWSVAN        1900.00        160.00        15.00
TUG        800.00        170.00        15.00
PETROTR        3800.00        120.00        18.00
EMPEROR        1800.00        165.00        21.00
FLOAT        5500.00        110.00        20.00
EUROS        1400.00        200.00        24.00
HOTDOG        5500.00        140.00        14.00
CLUB        1400.00        200.00        30.00
ARTICT3        3800.00        120.00        18.00
RCCAM        100.00        60.00        50.00
POLICE_L        1600.00        200.00        25.00
POLICE_S        1600.00        200.00        25.00
POLICE_V        1600.00        200.00        25.00
POLRANGE        2500.00        160.00        30.00
PICADOR        1600.00        165.00        25.00
SWATVAN        5000.00        110.00        24.00
ALPHA        1500.00        200.00        23.00
PHOENIX        1500.00        200.00        26.00
BAGBOXA        1000.00        160.00        20.00
BAGBOXB        1000.00        160.00        20.00
STAIRS        1000.00        160.00        20.00
BOXBURG        5500.00        140.00        14.00
FARM_TR1        400.00        160.00        20.00
UTIL_TR1        1000.00        160.00        20.00
ROLLER        1000.00        160.00        15.00
BIKE        500.00        190.00        50.00
MOPED        350.00        190.00        30.00
DIRTBIKE        500.00        190.00        50.00
FCR900        500.00        190.00        50.00
NRG500        400.00        190.00        60.00
HPV1000        500.00        190.00        50.00
BF400        500.00        190.00        50.00
WAYFARER        800.00        190.00        40.00
QUADBIKE        400.00        160.00        25.00
BMX        100.00        120.00        18.00
CHOPPERB        100.00        120.00        18.00
MTB        100.00        140.00        25.00
FREEWAY        800.00        190.00        40.00
PREDATOR        2200.00        190.00        1.70
SPEEDER        2200.00        190.00        2.50
REEFER        5000.00        190.00        0.69
RIO        3000.00        190.00        0.50
SQUALO        2200.00        190.00        3.00
TROPIC        2200.00        190.00        1.39
COASTGRD        1200.00        190.00        1.60
DINGHY        800.00        190.00        1.20
MARQUIS        5000.00        190.00        0.50
CUPBOAT        3000.00        190.00        3.00
LAUNCH        2200.00        190.00        1.50
SEAPLANE        5000.00        200.00        1.70
VORTEX        1900.00        150.00        2.00
RUSTLER        5000.00        200.00        16.00
BEAGLE        10000.00        200.00        16.00
CROPDUST        5000.00        200.00        16.00
STUNT        5000.00        200.00        16.00
SHAMAL        15000.00        200.00        16.00
HYDRA        9000.00        200.00        16.00
NEVADA        25000.00        200.00        16.00
AT400        60000.00        200.00        16.00
ANDROM        40000.00        200.00        16.00
DODO        5000.00        200.00        16.00
SPARROW        2500.00        200.00        16.00
SEASPAR        3000.00        200.00        16.00
MAVERICK        5000.00        200.00        16.00
COASTMAV        3500.00        200.00        16.00
POLMAV        4500.00        200.00        16.00
HUNTER        10000.00        200.00        16.00
LEVIATHN        15000.00        200.00        16.00
CARGOBOB        20000.00        200.00        16.00
RAINDANC        10000.00        200.00        16.00
RCBARON        100.00        75.00        1.00
RCGOBLIN        100.00        75.00        35.00
RCRAIDER        100.00        75.00        35.00
LANDSTAL        1700.00        160.00        25.00
BRAVURA        1300.00        160.00        15.00
BUFFALO        1500.00        200.00        28.00
LINERUN        3800.00        120.00        25.00
PEREN        1200.00        150.00        18.00
SENTINEL        1600.00        165.00        24.00
DUMPER        20000.00        110.00        25.00
FIRETRUK        6500.00        170.00        27.00
TRASH        5500.00        110.00        20.00
STRETCH        2200.00        180.00        18.00
MANANA        1000.00        160.00        19.00
INFERNUS        1400.00        240.00        30.00
VOODOO        1800.00        160.00        23.00
PONY        2600.00        160.00        15.00
MULE        3500.00        140.00        18.00
CHEETAH        1200.00        230.00        30.00
AMBULAN        2600.00        155.00        24.00
MOONBEAM        2000.00        150.00        15.00
ESPERANT        1800.00        160.00        18.00
TAXI        1450.00        180.00        19.00
WASHING        1850.00        180.00        21.00
BOBCAT        1700.00        165.00        20.00
MRWHOOP        1700.00        145.00        14.00
BFINJECT        1200.00        170.00        30.00
PREMIER        1600.00        200.00        22.00
ENFORCER        4000.00        170.00        20.00
SECURICA        7000.00        170.00        15.00
BANSHEE        1400.00        200.00        33.00
BUS        5500.00        130.00        14.00
RHINO        25000.00        80.00        40.00
BARRACKS        10500.00        180.00        20.00
HOTKNIFE        1400.00        200.00        28.00
ARTICT1        3800.00        120.00        18.00
PREVION        1400.00        160.00        18.00
COACH        9500.00        160.00        18.00
CABBIE        1750.00        160.00        24.00
STALLION        1600.00        160.00        23.00
RUMPO        2000.00        160.00        18.00
RCBANDIT        100.00        75.00        35.00
ROMERO        2500.00        150.00        16.00
PACKER        8000.00        150.00        13.00
MONSTER        5000.00        110.00        45.00
ADMIRAL        1650.00        165.00        22.00
TRAM        1900.00        150.00        25.00
AIRTRAIN        25500.00        140.00        24.00
ARTICT2        3800.00        120.00        18.00
TURISMO        1400.00        240.00        30.00
FLATBED        8500.00        140.00        25.00
YANKEE        4500.00        160.00        14.00
GOLFCART        1000.00        160.00        15.00
SOLAIR        2000.00        165.00        20.00
TOPFUN        1900.00        160.00        15.00
GLENDALE        1600.00        160.00        22.00
OCEANIC        1900.00        160.00        16.00
PATRIOT        2500.00        170.00        25.00
HERMES        1950.00        160.00        18.00
SABRE        1700.00        160.00        24.00
ZR350        1400.00        200.00        28.00
WALTON        1850.00        150.00        14.00
REGINA        2500.00        200.00        18.00
COMET        1400.00        200.00        30.00
BURRITO        1900.00        150.00        25.00
CAMPER        1900.00        120.00        16.00
BAGGAGE        1000.00        160.00        20.00
DOZER        10000.00        100.00        35.00
RANCHER        2500.00        170.00        20.00
FBIRANCH        3500.00        170.00        22.00
VIRGO        1700.00        160.00        18.00
GREENWOO        1600.00        160.00        20.00
HOTRING        1600.00        220.00        26.00
SANDKING        2000.00        170.00        28.00
BLISTAC        1000.00        200.00        26.00
BOXVILLE        5500.00        140.00        14.00
BENSON        3500.00        140.00        14.00
MESA        1300.00        160.00        24.00
BLOODRA        2100.00        160.00        24.00
BLOODRB        1600.00        160.00        26.00
SUPERGT        1400.00        230.00        26.00
ELEGANT        2200.00        165.00        20.00
JOURNEY        3500.00        140.00        14.00
PETROL        3800.00        120.00        25.00
RDTRAIN        5000.00        120.00        25.00
NEBULA        1400.00        165.00        20.00
MAJESTIC        1400.00        165.00        22.00
BUCCANEE        1700.00        160.00        24.00
CEMENT        5500.00        110.00        20.00
TOWTRUCK        3500.00        160.00        25.00
FORTUNE        1700.00        160.00        20.00
CADRONA        1200.00        160.00        20.00
FBITRUCK        4000.00        170.00        25.00
WILLARD        1800.00        160.00        18.00
FORKLIFT        1000.00        60.00        20.00
TRACTOR        2000.00        70.00        20.00
COMBINE        8500.00        140.00        25.00
FELTZER        1600.00        200.00        28.00
REMINGTN        1800.00        160.00        23.00
SLAMVAN        1950.00        160.00        40.00
BLADE        1500.00        160.00        24.00
FREIGHT        5500.00        110.00        20.00
STREAK        5500.00        110.00        20.00
VINCENT        1800.00        160.00        18.00
BULLET        1200.00        230.00        30.00
CLOVER        1600.00        160.00        24.00
SADLER        1700.00        165.00        25.00
RANGER        1700.00        160.00        20.00
HUSTLER        1700.00        160.00        22.00
INTRUDER        1800.00        160.00        18.00
PRIMO        1600.00        160.00        18.00
TAMPA        1700.00        160.00        24.00
SUNRISE        1600.00        160.00        17.00
MERIT        1800.00        165.00        22.00
UTILITY        2600.00        160.00        18.00
YOSEMITE        3000.00        170.00        25.00
WINDSOR        1500.00        180.00        30.00
MTRUCK_A        5000.00        110.00        45.00
MTRUCK_B        5000.00        110.00        45.00
URANUS        1400.00        200.00        20.00
JESTER        1500.00        200.00        28.00
SULTAN        1400.00        200.00        28.00
STRATUM        1800.00        200.00        20.00
ELEGY        1500.00        200.00        28.00
RCTIGER        100.00        75.00        35.00
FLASH        1400.00        200.00        24.00
TAHOMA        1800.00        160.00        24.00
SAVANNA        1500.00        160.00        24.00
BANDITO        1000.00        170.00        35.00
FREIFLAT        5500.00        110.00        20.00
CSTREAK        5500.00        110.00        20.00
KART        300.00        90.00        18.00
MOWER        800.00        60.00        12.00
DUNE        10000.00        110.00        35.00
SWEEPER        800.00        60.00        12.00
BROADWAY        1700.00        160.00        20.00
TORNADO        1700.00        160.00        20.00
DFT30        5500.00        110.00        20.00
HUNTLEY        2500.00        160.00        25.00
STAFFORD        2200.00        165.00        24.00
NEWSVAN        1900.00        160.00        15.00
TUG        800.00        170.00        15.00
PETROTR        3800.00        120.00        18.00
EMPEROR        1800.00        165.00        21.00
FLOAT        5500.00        110.00        20.00
EUROS        1400.00        200.00        24.00
HOTDOG        5500.00        140.00        14.00
CLUB        1400.00        200.00        30.00
ARTICT3        3800.00        120.00        18.00
RCCAM        100.00        60.00        50.00
POLICE_L        1600.00        200.00        25.00
POLICE_S        1600.00        200.00        25.00
POLICE_V        1600.00        200.00        25.00
POLRANGE        2500.00        160.00        30.00
PICADOR        1600.00        165.00        25.00
SWATVAN        5000.00        110.00        24.00
ALPHA        1500.00        200.00        23.00
PHOENIX        1500.00        200.00        26.00
BAGBOXA        1000.00        160.00        20.00
BAGBOXB        1000.00        160.00        20.00
STAIRS        1000.00        160.00        20.00
BOXBURG        5500.00        140.00        14.00
FARM_TR1        400.00        160.00        20.00
UTIL_TR1        1000.00        160.00        20.00
ROLLER        1000.00        160.00        15.00
BIKE        500.00        190.00        50.00
MOPED        350.00        190.00        30.00
DIRTBIKE        500.00        190.00        50.00
FCR900        500.00        190.00        50.00
NRG500        400.00        190.00        60.00
HPV1000        500.00        190.00        50.00
BF400        500.00        190.00        50.00
WAYFARER        800.00        190.00        40.00
QUADBIKE        400.00        160.00        25.00
BMX        100.00        120.00        18.00
CHOPPERB        100.00        120.00        18.00
MTB        100.00        140.00        25.00
FREEWAY        800.00        190.00        40.00
PREDATOR        2200.00        190.00        1.70
SPEEDER        2200.00        190.00        2.50
REEFER        5000.00        190.00        0.69
RIO        3000.00        190.00        0.50
SQUALO        2200.00        190.00        3.00
TROPIC        2200.00        190.00        1.39
COASTGRD        1200.00        190.00        1.60
DINGHY        800.00        190.00        1.20
MARQUIS        5000.00        190.00        0.50
CUPBOAT        3000.00        190.00        3.00
LAUNCH        2200.00        190.00        1.50
SEAPLANE        5000.00        200.00        1.70
VORTEX        1900.00        150.00        2.00
RUSTLER        5000.00        200.00        16.00
BEAGLE        10000.00        200.00        16.00
CROPDUST        5000.00        200.00        16.00
STUNT        5000.00        200.00        16.00
SHAMAL        15000.00        200.00        16.00
HYDRA        9000.00        200.00        16.00
NEVADA        25000.00        200.00        16.00
AT400        60000.00        200.00        16.00
ANDROM        40000.00        200.00        16.00
DODO        5000.00        200.00        16.00
SPARROW        2500.00        200.00        16.00
SEASPAR        3000.00        200.00        16.00
MAVERICK        5000.00        200.00        16.00
COASTMAV        3500.00        200.00        16.00
POLMAV        4500.00        200.00        16.00
HUNTER        10000.00        200.00        16.00
LEVIATHN        15000.00        200.00        16.00
CARGOBOB        20000.00        200.00        16.00
RAINDANC        10000.00        200.00        16.00
RCBARON        100.00        75.00        1.00
RCGOBLIN        100.00        75.00        35.00
RCRAIDER        100.00        75.00        35.00
LANDSTAL        1700.00        160.00        25.00
BRAVURA        1300.00        160.00        15.00
BUFFALO        1500.00        200.00        28.00
LINERUN        3800.00        120.00        25.00
PEREN        1200.00        150.00        18.00
SENTINEL        1600.00        165.00        24.00
DUMPER        20000.00        110.00        25.00
FIRETRUK        6500.00        170.00        27.00
TRASH        5500.00        110.00        20.00
STRETCH        2200.00        180.00        18.00
MANANA        1000.00        160.00        19.00
INFERNUS        1400.00        240.00        30.00
VOODOO        1800.00        160.00        23.00
PONY        2600.00        160.00        15.00
MULE        3500.00        140.00        18.00
CHEETAH        1200.00        230.00        30.00
AMBULAN        2600.00        155.00        24.00
MOONBEAM        2000.00        150.00        15.00
ESPERANT        1800.00        160.00        18.00
TAXI        1450.00        180.00        19.00
WASHING        1850.00        180.00        21.00
BOBCAT        1700.00        165.00        20.00
MRWHOOP        1700.00        145.00        14.00
BFINJECT        1200.00        170.00        30.00
PREMIER        1600.00        200.00        22.00
ENFORCER        4000.00        170.00        20.00
SECURICA        7000.00        170.00        15.00
BANSHEE        1400.00        200.00        33.00
BUS        5500.00        130.00        14.00
RHINO        25000.00        80.00        40.00
BARRACKS        10500.00        180.00        20.00
HOTKNIFE        1400.00        200.00        28.00
ARTICT1        3800.00        120.00        18.00
PREVION        1400.00        160.00        18.00
COACH        9500.00        160.00        18.00
CABBIE        1750.00        160.00        24.00
STALLION        1600.00        160.00        23.00
RUMPO        2000.00        160.00        18.00
RCBANDIT        100.00        75.00        35.00
ROMERO        2500.00        150.00        16.00
PACKER        8000.00        150.00        13.00
MONSTER        5000.00        110.00        45.00
ADMIRAL        1650.00        165.00        22.00
TRAM        1900.00        150.00        25.00
AIRTRAIN        25500.00        140.00        24.00
ARTICT2        3800.00        120.00        18.00
TURISMO        1400.00        240.00        30.00
FLATBED        8500.00        140.00        25.00
YANKEE        4500.00        160.00        14.00
GOLFCART        1000.00        160.00        15.00
SOLAIR        2000.00        165.00        20.00
TOPFUN        1900.00        160.00        15.00
GLENDALE        1600.00        160.00        22.00
OCEANIC        1900.00        160.00        16.00
PATRIOT        2500.00        170.00        25.00
HERMES        1950.00        160.00        18.00
SABRE        1700.00        160.00        24.00
ZR350        1400.00        200.00        28.00
WALTON        1850.00        150.00        14.00
REGINA        2500.00        200.00        18.00
COMET        1400.00        200.00        30.00
BURRITO        1900.00        150.00        25.00
CAMPER        1900.00        120.00        16.00
BAGGAGE        1000.00        160.00        20.00
DOZER        10000.00        100.00        35.00
RANCHER        2500.00        170.00        20.00
FBIRANCH        3500.00        170.00        22.00
VIRGO        1700.00        160.00        18.00
GREENWOO        1600.00        160.00        20.00
HOTRING        1600.00        220.00        26.00
SANDKING        2000.00        170.00        28.00
BLISTAC        1000.00        200.00        26.00
BOXVILLE        5500.00        140.00        14.00
BENSON        3500.00        140.00        14.00
MESA        1300.00        160.00        24.00
BLOODRA        2100.00        160.00        24.00
BLOODRB        1600.00        160.00        26.00
SUPERGT        1400.00        230.00        26.00
ELEGANT        2200.00        165.00        20.00
JOURNEY        3500.00        140.00        14.00
PETROL        3800.00        120.00        25.00
RDTRAIN        5000.00        120.00        25.00
NEBULA        1400.00        165.00        20.00
MAJESTIC        1400.00        165.00        22.00
BUCCANEE        1700.00        160.00        24.00
CEMENT        5500.00        110.00        20.00
TOWTRUCK        3500.00        160.00        25.00
FORTUNE        1700.00        160.00        20.00
CADRONA        1200.00        160.00        20.00
FBITRUCK        4000.00        170.00        25.00
WILLARD        1800.00        160.00        18.00
FORKLIFT        1000.00        60.00        20.00
TRACTOR        2000.00        70.00        20.00
COMBINE        8500.00        140.00        25.00
FELTZER        1600.00        200.00        28.00
REMINGTN        1800.00        160.00        23.00
SLAMVAN        1950.00        160.00        40.00
BLADE        1500.00        160.00        24.00
FREIGHT        5500.00        110.00        20.00
STREAK        5500.00        110.00        20.00
VINCENT        1800.00        160.00        18.00
BULLET        1200.00        230.00        30.00
CLOVER        1600.00        160.00        24.00
SADLER        1700.00        165.00        25.00
RANGER        1700.00        160.00        20.00
HUSTLER        1700.00        160.00        22.00
INTRUDER        1800.00        160.00        18.00
PRIMO        1600.00        160.00        18.00
TAMPA        1700.00        160.00        24.00
SUNRISE        1600.00        160.00        17.00
MERIT        1800.00        165.00        22.00
UTILITY        2600.00        160.00        18.00
YOSEMITE        3000.00        170.00        25.00
WINDSOR        1500.00        180.00        30.00
MTRUCK_A        5000.00        110.00        45.00
MTRUCK_B        5000.00        110.00        45.00
URANUS        1400.00        200.00        20.00
JESTER        1500.00        200.00        28.00
SULTAN        1400.00        200.00        28.00
STRATUM        1800.00        200.00        20.00
ELEGY        1500.00        200.00        28.00
RCTIGER        100.00        75.00        35.00
FLASH        1400.00        200.00        24.00
TAHOMA        1800.00        160.00        24.00
SAVANNA        1500.00        160.00        24.00
BANDITO        1000.00        170.00        35.00
FREIFLAT        5500.00        110.00        20.00
CSTREAK        5500.00        110.00        20.00
KART        300.00        90.00        18.00
MOWER        800.00        60.00        12.00
DUNE        10000.00        110.00        35.00
SWEEPER        800.00        60.00        12.00
BROADWAY        1700.00        160.00        20.00
TORNADO        1700.00        160.00        20.00
DFT30        5500.00        110.00        20.00
HUNTLEY        2500.00        160.00        25.00
STAFFORD        2200.00        165.00        24.00
NEWSVAN        1900.00        160.00        15.00
TUG        800.00        170.00        15.00
PETROTR        3800.00        120.00        18.00
EMPEROR        1800.00        165.00        21.00
FLOAT        5500.00        110.00        20.00
EUROS        1400.00        200.00        24.00
HOTDOG        5500.00        140.00        14.00
CLUB        1400.00        200.00        30.00
ARTICT3        3800.00        120.00        18.00
RCCAM        100.00        60.00        50.00
POLICE_L        1600.00        200.00        25.00
POLICE_S        1600.00        200.00        25.00
POLICE_V        1600.00        200.00        25.00
POLRANGE        2500.00        160.00        30.00
PICADOR        1600.00        165.00        25.00
SWATVAN        5000.00        110.00        24.00
ALPHA        1500.00        200.00        23.00
PHOENIX        1500.00        200.00        26.00
BAGBOXA        1000.00        160.00        20.00
BAGBOXB        1000.00        160.00        20.00
STAIRS        1000.00        160.00        20.00
BOXBURG        5500.00        140.00        14.00
FARM_TR1        400.00        160.00        20.00
UTIL_TR1        1000.00        160.00        20.00
ROLLER        1000.00        160.00        15.00
BIKE        500.00        190.00        50.00
MOPED        350.00        190.00        30.00
DIRTBIKE        500.00        190.00        50.00
FCR900        500.00        190.00        50.00
NRG500        400.00        190.00        60.00
HPV1000        500.00        190.00        50.00
BF400        500.00        190.00        50.00
WAYFARER        800.00        190.00        40.00
QUADBIKE        400.00        160.00        25.00
BMX        100.00        120.00        18.00
CHOPPERB        100.00        120.00        18.00
MTB        100.00        140.00        25.00
FREEWAY        800.00        190.00        40.00
PREDATOR        2200.00        190.00        1.70
SPEEDER        2200.00        190.00        2.50
REEFER        5000.00        190.00        0.69
RIO        3000.00        190.00        0.50
SQUALO        2200.00        190.00        3.00
TROPIC        2200.00        190.00        1.39
COASTGRD        1200.00        190.00        1.60
DINGHY        800.00        190.00        1.20
MARQUIS        5000.00        190.00        0.50
CUPBOAT        3000.00        190.00        3.00
LAUNCH        2200.00        190.00        1.50
SEAPLANE        5000.00        200.00        1.70
VORTEX        1900.00        150.00        2.00
RUSTLER        5000.00        200.00        16.00
BEAGLE        10000.00        200.00        16.00
CROPDUST        5000.00        200.00        16.00
STUNT        5000.00        200.00        16.00
SHAMAL        15000.00        200.00        16.00
HYDRA        9000.00        200.00        16.00
NEVADA        25000.00        200.00        16.00
AT400        60000.00        200.00        16.00
ANDROM        40000.00        200.00        16.00
DODO        5000.00        200.00        16.00
SPARROW        2500.00        200.00        16.00
SEASPAR        3000.00        200.00        16.00
MAVERICK        5000.00        200.00        16.00
COASTMAV        3500.00        200.00        16.00
POLMAV        4500.00        200.00        16.00
HUNTER        10000.00        200.00        16.00
LEVIATHN        15000.00        200.00        16.00
CARGOBOB        20000.00        200.00        16.00
RAINDANC        10000.00        200.00        16.00
RCBARON        100.00        75.00        1.00
RCGOBLIN        100.00        75.00        35.00
RCRAIDER        100.00        75.00        35.00
LANDSTAL        1700.00        160.00        25.00
BRAVURA        1300.00        160.00        15.00
BUFFALO        1500.00        200.00        28.00
LINERUN        3800.00        120.00        25.00
PEREN        1200.00        150.00        18.00
SENTINEL        1600.00        165.00        24.00
DUMPER        20000.00        110.00        25.00
FIRETRUK        6500.00        170.00        27.00
TRASH        5500.00        110.00        20.00
STRETCH        2200.00        180.00        18.00
MANANA        1000.00        160.00        19.00
INFERNUS        1400.00        240.00        30.00
VOODOO        1800.00        160.00        23.00
PONY        2600.00        160.00        15.00
MULE        3500.00        140.00        18.00
CHEETAH        1200.00        230.00        30.00
AMBULAN        2600.00        155.00        24.00
MOONBEAM        2000.00        150.00        15.00
ESPERANT        1800.00        160.00        18.00
TAXI        1450.00        180.00        19.00
WASHING        1850.00        180.00        21.00
BOBCAT        1700.00        165.00        20.00
MRWHOOP        1700.00        145.00        14.00
BFINJECT        1200.00        170.00        30.00
PREMIER        1600.00        200.00        22.00
ENFORCER        4000.00        170.00        20.00
SECURICA        7000.00        170.00        15.00
BANSHEE        1400.00        200.00        33.00
BUS        5500.00        130.00        14.00
RHINO        25000.00        80.00        40.00
BARRACKS        10500.00        180.00        20.00
HOTKNIFE        1400.00        200.00        28.00
ARTICT1        3800.00        120.00        18.00
PREVION        1400.00        160.00        18.00
COACH        9500.00        160.00        18.00
CABBIE        1750.00        160.00        24.00
STALLION        1600.00        160.00        23.00
RUMPO        2000.00        160.00        18.00
RCBANDIT        100.00        75.00        35.00
ROMERO        2500.00        150.00        16.00
PACKER        8000.00        150.00        13.00
MONSTER        5000.00        110.00        45.00
ADMIRAL        1650.00        165.00        22.00
TRAM        1900.00        150.00        25.00
AIRTRAIN        25500.00        140.00        24.00
ARTICT2        3800.00        120.00        18.00
TURISMO        1400.00        240.00        30.00
FLATBED        8500.00        140.00        25.00
YANKEE        4500.00        160.00        14.00
GOLFCART        1000.00        160.00        15.00
SOLAIR        2000.00        165.00        20.00
TOPFUN        1900.00        160.00        15.00
GLENDALE        1600.00        160.00        22.00
OCEANIC        1900.00        160.00        16.00
PATRIOT        2500.00        170.00        25.00
HERMES        1950.00        160.00        18.00
SABRE        1700.00        160.00        24.00
ZR350        1400.00        200.00        28.00
WALTON        1850.00        150.00        14.00
REGINA        2500.00        200.00        18.00
COMET        1400.00        200.00        30.00
BURRITO        1900.00        150.00        25.00
CAMPER        1900.00        120.00        16.00
BAGGAGE        1000.00        160.00        20.00
DOZER        10000.00        100.00        35.00
RANCHER        2500.00        170.00        20.00
FBIRANCH        3500.00        170.00        22.00
VIRGO        1700.00        160.00        18.00
GREENWOO        1600.00        160.00        20.00
HOTRING        1600.00        220.00        26.00
SANDKING        2000.00        170.00        28.00
BLISTAC        1000.00        200.00        26.00
BOXVILLE        5500.00        140.00        14.00
BENSON        3500.00        140.00        14.00
MESA        1300.00        160.00        24.00
BLOODRA        2100.00        160.00        24.00
BLOODRB        1600.00        160.00        26.00
SUPERGT        1400.00        230.00        26.00
ELEGANT        2200.00        165.00        20.00
JOURNEY        3500.00        140.00        14.00
PETROL        3800.00        120.00        25.00
RDTRAIN        5000.00        120.00        25.00
NEBULA        1400.00        165.00        20.00
MAJESTIC        1400.00        165.00        22.00
BUCCANEE        1700.00        160.00        24.00
CEMENT        5500.00        110.00        20.00
TOWTRUCK        3500.00        160.00        25.00
FORTUNE        1700.00        160.00        20.00
CADRONA        1200.00        160.00        20.00
FBITRUCK        4000.00        170.00        25.00
WILLARD        1800.00        160.00        18.00
FORKLIFT        1000.00        60.00        20.00
TRACTOR        2000.00        70.00        20.00
COMBINE        8500.00        140.00        25.00
FELTZER        1600.00        200.00        28.00
REMINGTN        1800.00        160.00        23.00
SLAMVAN        1950.00        160.00        40.00
BLADE        1500.00        160.00        24.00
FREIGHT        5500.00        110.00        20.00
STREAK        5500.00        110.00        20.00
VINCENT        1800.00        160.00        18.00
BULLET        1200.00        230.00        30.00
CLOVER        1600.00        160.00        24.00
SADLER        1700.00        165.00        25.00
RANGER        1700.00        160.00        20.00
HUSTLER        1700.00        160.00        22.00
INTRUDER        1800.00        160.00        18.00
PRIMO        1600.00        160.00        18.00
TAMPA        1700.00        160.00        24.00
SUNRISE        1600.00        160.00        17.00
MERIT        1800.00        165.00        22.00
UTILITY        2600.00        160.00        18.00
YOSEMITE        3000.00        170.00        25.00
WINDSOR        1500.00        180.00        30.00
MTRUCK_A        5000.00        110.00        45.00
MTRUCK_B        5000.00        110.00        45.00
URANUS        1400.00        200.00        20.00
JESTER        1500.00        200.00        28.00
SULTAN        1400.00        200.00        28.00
STRATUM        1800.00        200.00        20.00
ELEGY        1500.00        200.00        28.00
RCTIGER        100.00        75.00        35.00
FLASH        1400.00        200.00        24.00
TAHOMA        1800.00        160.00        24.00
SAVANNA        1500.00        160.00        24.00
BANDITO        1000.00        170.00        35.00
FREIFLAT        5500.00        110.00        20.00
CSTREAK        5500.00        110.00        20.00
KART        300.00        90.00        18.00
MOWER        800.00        60.00        12.00
DUNE        10000.00        110.00        35.00
SWEEPER        800.00        60.00        12.00
BROADWAY        1700.00        160.00        20.00
TORNADO        1700.00        160.00        20.00
DFT30        5500.00        110.00        20.00
HUNTLEY        2500.00        160.00        25.00
STAFFORD        2200.00        165.00        24.00
NEWSVAN        1900.00        160.00        15.00
TUG        800.00        170.00        15.00
PETROTR        3800.00        120.00        18.00
EMPEROR        1800.00        165.00        21.00
FLOAT        5500.00        110.00        20.00
EUROS        1400.00        200.00        24.00
HOTDOG        5500.00        140.00        14.00
CLUB        1400.00        200.00        30.00
ARTICT3        3800.00        120.00        18.00
RCCAM        100.00        60.00        50.00
POLICE_L        1600.00        200.00        25.00
POLICE_S        1600.00        200.00        25.00
POLICE_V        1600.00        200.00        25.00
POLRANGE        2500.00        160.00        30.00
PICADOR        1600.00        165.00        25.00
SWATVAN        5000.00        110.00        24.00
ALPHA        1500.00        200.00        23.00
PHOENIX        1500.00        200.00        26.00
BAGBOXA        1000.00        160.00        20.00
BAGBOXB        1000.00        160.00        20.00
STAIRS        1000.00        160.00        20.00
BOXBURG        5500.00        140.00        14.00
FARM_TR1        400.00        160.00        20.00
UTIL_TR1        1000.00        160.00        20.00
ROLLER        1000.00        160.00        15.00
BIKE        500.00        190.00        50.00
MOPED        350.00        190.00        30.00
DIRTBIKE        500.00        190.00        50.00
FCR900        500.00        190.00        50.00
NRG500        400.00        190.00        60.00
HPV1000        500.00        190.00        50.00
BF400        500.00        190.00        50.00
WAYFARER        800.00        190.00        40.00
QUADBIKE        400.00        160.00        25.00
BMX        100.00        120.00        18.00
CHOPPERB        100.00        120.00        18.00
MTB        100.00        140.00        25.00
FREEWAY        800.00        190.00        40.00
PREDATOR        2200.00        190.00        1.70
SPEEDER        2200.00        190.00        2.50
REEFER        5000.00        190.00        0.69
RIO        3000.00        190.00        0.50
SQUALO        2200.00        190.00        3.00
TROPIC        2200.00        190.00        1.39
COASTGRD        1200.00        190.00        1.60
DINGHY        800.00        190.00        1.20
MARQUIS        5000.00        190.00        0.50
CUPBOAT        3000.00        190.00        3.00
LAUNCH        2200.00        190.00        1.50
SEAPLANE        5000.00        200.00        1.70
VORTEX        1900.00        150.00        2.00
RUSTLER        5000.00        200.00        16.00
BEAGLE        10000.00        200.00        16.00
CROPDUST        5000.00        200.00        16.00
STUNT        5000.00        200.00        16.00
SHAMAL        15000.00        200.00        16.00
HYDRA        9000.00        200.00        16.00
NEVADA        25000.00        200.00        16.00
AT400        60000.00        200.00        16.00
ANDROM        40000.00        200.00        16.00
DODO        5000.00        200.00        16.00
SPARROW        2500.00        200.00        16.00
SEASPAR        3000.00        200.00        16.00
MAVERICK        5000.00        200.00        16.00
COASTMAV        3500.00        200.00        16.00
POLMAV        4500.00        200.00        16.00
HUNTER        10000.00        200.00        16.00
LEVIATHN        15000.00        200.00        16.00
CARGOBOB        20000.00        200.00        16.00
RAINDANC        10000.00        200.00        16.00
RCBARON        100.00        75.00        1.00
RCGOBLIN        100.00        75.00        35.00
RCRAIDER        100.00        75.00        35.00
LANDSTAL        1700.00        160.00        25.00
BRAVURA        1300.00        160.00        15.00
BUFFALO        1500.00        200.00        28.00
LINERUN        3800.00        120.00        25.00
PEREN        1200.00        150.00        18.00
SENTINEL        1600.00        165.00        24.00
DUMPER        20000.00        110.00        25.00
FIRETRUK        6500.00        170.00        27.00
TRASH        5500.00        110.00        20.00
STRETCH        2200.00        180.00        18.00
MANANA        1000.00        160.00        19.00
INFERNUS        1400.00        240.00        30.00
VOODOO        1800.00        160.00        23.00
PONY        2600.00        160.00        15.00
MULE        3500.00        140.00        18.00
CHEETAH        1200.00        230.00        30.00
AMBULAN        2600.00        155.00        24.00
MOONBEAM        2000.00        150.00        15.00
ESPERANT        1800.00        160.00        18.00
TAXI        1450.00        180.00        19.00
WASHING        1850.00        180.00        21.00
BOBCAT        1700.00        165.00        20.00
MRWHOOP        1700.00        145.00        14.00
BFINJECT        1200.00        170.00        30.00
PREMIER        1600.00        200.00        22.00
ENFORCER        4000.00        170.00        20.00
SECURICA        7000.00        170.00        15.00
BANSHEE        1400.00        200.00        33.00
BUS        5500.00        130.00        14.00
RHINO        25000.00        80.00        40.00
BARRACKS        10500.00        180.00        20.00
HOTKNIFE        1400.00        200.00        28.00
ARTICT1        3800.00        120.00        18.00
PREVION        1400.00        160.00        18.00
COACH        9500.00        160.00        18.00
CABBIE        1750.00        160.00        24.00
STALLION        1600.00        160.00        23.00
RUMPO        2000.00        160.00        18.00
RCBANDIT        100.00        75.00        35.00
ROMERO        2500.00        150.00        16.00
PACKER        8000.00        150.00        13.00
MONSTER        5000.00        110.00        45.00
ADMIRAL        1650.00        165.00        22.00
TRAM        1900.00        150.00        25.00
AIRTRAIN        25500.00        140.00        24.00
ARTICT2        3800.00        120.00        18.00
TURISMO        1400.00        240.00        30.00
FLATBED        8500.00        140.00        25.00
YANKEE        4500.00        160.00        14.00
GOLFCART        1000.00        160.00        15.00
SOLAIR        2000.00        165.00        20.00
TOPFUN        1900.00        160.00        15.00
GLENDALE        1600.00        160.00        22.00
OCEANIC        1900.00        160.00        16.00
PATRIOT        2500.00        170.00        25.00
HERMES        1950.00        160.00        18.00
SABRE        1700.00        160.00        24.00
ZR350        1400.00        200.00        28.00
WALTON        1850.00        150.00        14.00
REGINA        2500.00        200.00        18.00
COMET        1400.00        200.00        30.00
BURRITO        1900.00        150.00        25.00
CAMPER        1900.00        120.00        16.00
BAGGAGE        1000.00        160.00        20.00
DOZER        10000.00        100.00        35.00
RANCHER        2500.00        170.00        20.00
FBIRANCH        3500.00        170.00        22.00
VIRGO        1700.00        160.00        18.00
GREENWOO        1600.00        160.00        20.00
HOTRING        1600.00        220.00        26.00
SANDKING        2000.00        170.00        28.00
BLISTAC        1000.00        200.00        26.00
BOXVILLE        5500.00        140.00        14.00
BENSON        3500.00        140.00        14.00
MESA        1300.00        160.00        24.00
BLOODRA        2100.00        160.00        24.00
BLOODRB        1600.00        160.00        26.00
SUPERGT        1400.00        230.00        26.00
ELEGANT        2200.00        165.00        20.00
JOURNEY        3500.00        140.00        14.00
PETROL        3800.00        120.00        25.00
RDTRAIN        5000.00        120.00        25.00
NEBULA        1400.00        165.00        20.00
MAJESTIC        1400.00        165.00        22.00
BUCCANEE        1700.00        160.00        24.00
CEMENT        5500.00        110.00        20.00
TOWTRUCK        3500.00        160.00        25.00
FORTUNE        1700.00        160.00        20.00
CADRONA        1200.00        160.00        20.00
FBITRUCK        4000.00        170.00        25.00
WILLARD        1800.00        160.00        18.00
FORKLIFT        1000.00        60.00        20.00
TRACTOR        2000.00        70.00        20.00
COMBINE        8500.00        140.00        25.00
FELTZER        1600.00        200.00        28.00
REMINGTN        1800.00        160.00        23.00
SLAMVAN        1950.00        160.00        40.00
BLADE        1500.00        160.00        24.00
FREIGHT        5500.00        110.00        20.00
STREAK        5500.00        110.00        20.00
VINCENT        1800.00        160.00        18.00
BULLET        1200.00        230.00        30.00
CLOVER        1600.00        160.00        24.00
SADLER        1700.00        165.00        25.00
RANGER        1700.00        160.00        20.00
HUSTLER        1700.00        160.00        22.00
INTRUDER        1800.00        160.00        18.00
PRIMO        1600.00        160.00        18.00
TAMPA        1700.00        160.00        24.00
SUNRISE        1600.00        160.00        17.00
MERIT        1800.00        165.00        22.00
UTILITY        2600.00        160.00        18.00
YOSEMITE        3000.00        170.00        25.00
WINDSOR        1500.00        180.00        30.00
MTRUCK_A        5000.00        110.00        45.00
MTRUCK_B        5000.00        110.00        45.00
URANUS        1400.00        200.00        20.00
JESTER        1500.00        200.00        28.00
SULTAN        1400.00        200.00        28.00
STRATUM        1800.00        200.00        20.00
ELEGY        1500.00        200.00        28.00
RCTIGER        100.00        75.00        35.00
FLASH        1400.00        200.00        24.00
TAHOMA        1800.00        160.00        24.00
SAVANNA        1500.00        160.00        24.00
BANDITO        1000.00        170.00        35.00
FREIFLAT        5500.00        110.00        20.00
CSTREAK        5500.00        110.00        20.00
KART        300.00        90.00        18.00
MOWER        800.00        60.00        12.00
DUNE        10000.00        110.00        35.00
SWEEPER        800.00        60.00        12.00
BROADWAY        1700.00        160.00        20.00
TORNADO        1700.00        160.00        20.00
DFT30        5500.00        110.00        20.00
HUNTLEY        2500.00        160.00        25.00
STAFFORD        2200.00        165.00        24.00
NEWSVAN        1900.00        160.00        15.00
TUG        800.00        170.00        15.00
PETROTR        3800.00        120.00        18.00
EMPEROR        1800.00        165.00        21.00
FLOAT        5500.00        110.00        20.00
EUROS        1400.00        200.00        24.00
HOTDOG        5500.00        140.00        14.00
CLUB        1400.00        200.00        30.00
ARTICT3        3800.00        120.00        18.00
RCCAM        100.00        60.00        50.00
POLICE_L        1600.00        200.00        25.00
POLICE_S        1600.00        200.00        25.00
POLICE_V        1600.00        200.00        25.00
POLRANGE        2500.00        160.00        30.00
PICADOR        1600.00        165.00        25.00
SWATVAN        5000.00        110.00        24.00
ALPHA        1500.00        200.00        23.00
PHOENIX        1500.00        200.00        26.00
BAGBOXA        1000.00        160.00        20.00
BAGBOXB        1000.00        160.00        20.00
STAIRS        1000.00        160.00        20.00
BOXBURG        5500.00        140.00        14.00
FARM_TR1        400.00        160.00        20.00
UTIL_TR1        1000.00        160.00        20.00
ROLLER        1000.00        160.00        15.00
BIKE        500.00        190.00        50.00
MOPED        350.00        190.00        30.00
DIRTBIKE        500.00        190.00        50.00
FCR900        500.00        190.00        50.00
NRG500        400.00        190.00        60.00
HPV1000        500.00        190.00        50.00
BF400        500.00        190.00        50.00
WAYFARER        800.00        190.00        40.00
QUADBIKE        400.00        160.00        25.00
BMX        100.00        120.00        18.00
CHOPPERB        100.00        120.00        18.00
MTB        100.00        140.00        25.00
FREEWAY        800.00        190.00        40.00
PREDATOR        2200.00        190.00        1.70
SPEEDER        2200.00        190.00        2.50
REEFER        5000.00        190.00        0.69
RIO        3000.00        190.00        0.50
SQUALO        2200.00        190.00        3.00
TROPIC        2200.00        190.00        1.39
COASTGRD        1200.00        190.00        1.60
DINGHY        800.00        190.00        1.20
MARQUIS        5000.00        190.00        0.50
CUPBOAT        3000.00        190.00        3.00
LAUNCH        2200.00        190.00        1.50
SEAPLANE        5000.00        200.00        1.70
VORTEX        1900.00        150.00        2.00
RUSTLER        5000.00        200.00        16.00
BEAGLE        10000.00        200.00        16.00
CROPDUST        5000.00        200.00        16.00
STUNT        5000.00        200.00        16.00
SHAMAL        15000.00        200.00        16.00
HYDRA        9000.00        200.00        16.00
NEVADA        25000.00        200.00        16.00
AT400        60000.00        200.00        16.00
ANDROM        40000.00        200.00        16.00
DODO        5000.00        200.00        16.00
SPARROW        2500.00        200.00        16.00
SEASPAR        3000.00        200.00        16.00
MAVERICK        5000.00        200.00        16.00
COASTMAV        3500.00        200.00        16.00
POLMAV        4500.00        200.00        16.00
HUNTER        10000.00        200.00        16.00
LEVIATHN        15000.00        200.00        16.00
CARGOBOB        20000.00        200.00        16.00
RAINDANC        10000.00        200.00        16.00
RCBARON        100.00        75.00        1.00
RCGOBLIN        100.00        75.00        35.00
RCRAIDER        100.00        75.00        35.00
LANDSTAL        1700.00        160.00        25.00
BRAVURA        1300.00        160.00        15.00
BUFFALO        1500.00        200.00        28.00
LINERUN        3800.00        120.00        25.00
PEREN        1200.00        150.00        18.00
SENTINEL        1600.00        165.00        24.00
DUMPER        20000.00        110.00        25.00
FIRETRUK        6500.00        170.00        27.00
TRASH        5500.00        110.00        20.00
STRETCH        2200.00        180.00        18.00
MANANA        1000.00        160.00        19.00
INFERNUS        1400.00        240.00        30.00
VOODOO        1800.00        160.00        23.00
PONY        2600.00        160.00        15.00
MULE        3500.00        140.00        18.00
CHEETAH        1200.00        230.00        30.00
AMBULAN        2600.00        155.00        24.00
MOONBEAM        2000.00        150.00        15.00
ESPERANT        1800.00        160.00        18.00
TAXI        1450.00        180.00        19.00
WASHING        1850.00        180.00        21.00
BOBCAT        1700.00        165.00        20.00
MRWHOOP        1700.00        145.00        14.00
BFINJECT        1200.00        170.00        30.00
PREMIER        1600.00        200.00        22.00
ENFORCER        4000.00        170.00        20.00
SECURICA        7000.00        170.00        15.00
BANSHEE        1400.00        200.00        33.00
BUS        5500.00        130.00        14.00
RHINO        25000.00        80.00        40.00
BARRACKS        10500.00        180.00        20.00
HOTKNIFE        1400.00        200.00        28.00
ARTICT1        3800.00        120.00        18.00
PREVION        1400.00        160.00        18.00
COACH        9500.00        160.00        18.00
CABBIE        1750.00        160.00        24.00
STALLION        1600.00        160.00        23.00
RUMPO        2000.00        160.00        18.00
RCBANDIT        100.00        75.00        35.00
ROMERO        2500.00        150.00        16.00
PACKER        8000.00        150.00        13.00
MONSTER        5000.00        110.00        45.00
ADMIRAL        1650.00        165.00        22.00
TRAM        1900.00        150.00        25.00
AIRTRAIN        25500.00        140.00        24.00
ARTICT2        3800.00        120.00        18.00
TURISMO        1400.00        240.00        30.00
FLATBED        8500.00        140.00        25.00
YANKEE        4500.00        160.00        14.00
GOLFCART        1000.00        160.00        15.00
SOLAIR        2000.00        165.00        20.00
TOPFUN        1900.00        160.00        15.00
GLENDALE        1600.00        160.00        22.00
OCEANIC        1900.00        160.00        16.00
PATRIOT        2500.00        170.00        25.00
HERMES        1950.00        160.00        18.00
SABRE        1700.00        160.00        24.00
ZR350        1400.00        200.00        28.00
WALTON        1850.00        150.00        14.00
REGINA        2500.00        200.00        18.00
COMET        1400.00        200.00        30.00
BURRITO        1900.00        150.00        25.00
CAMPER        1900.00        120.00        16.00
BAGGAGE        1000.00        160.00        20.00
DOZER        10000.00        100.00        35.00
RANCHER        2500.00        170.00        20.00
FBIRANCH        3500.00        170.00        22.00
VIRGO        1700.00        160.00        18.00
GREENWOO        1600.00        160.00        20.00
HOTRING        1600.00        220.00        26.00
SANDKING        2000.00        170.00        28.00
BLISTAC        1000.00        200.00        26.00
BOXVILLE        5500.00        140.00        14.00
BENSON        3500.00        140.00        14.00
MESA        1300.00        160.00        24.00
BLOODRA        2100.00        160.00        24.00
BLOODRB        1600.00        160.00        26.00
SUPERGT        1400.00        230.00        26.00
ELEGANT        2200.00        165.00        20.00
JOURNEY        3500.00        140.00        14.00
PETROL        3800.00        120.00        25.00
RDTRAIN        5000.00        120.00        25.00
NEBULA        1400.00        165.00        20.00
MAJESTIC        1400.00        165.00        22.00
BUCCANEE        1700.00        160.00        24.00
CEMENT        5500.00        110.00        20.00
TOWTRUCK        3500.00        160.00        25.00
FORTUNE        1700.00        160.00        20.00
CADRONA        1200.00        160.00        20.00
FBITRUCK        4000.00        170.00        25.00
WILLARD        1800.00        160.00        18.00
FORKLIFT        1000.00        60.00        20.00
TRACTOR        2000.00        70.00        20.00
COMBINE        8500.00        140.00        25.00
FELTZER        1600.00        200.00        28.00
REMINGTN        1800.00        160.00        23.00
SLAMVAN        1950.00        160.00        40.00
BLADE        1500.00        160.00        24.00
FREIGHT        5500.00        110.00        20.00
STREAK        5500.00        110.00        20.00
VINCENT        1800.00        160.00        18.00
BULLET        1200.00        230.00        30.00
CLOVER        1600.00        160.00        24.00
SADLER        1700.00        165.00        25.00
RANGER        1700.00        160.00        20.00
HUSTLER        1700.00        160.00        22.00
INTRUDER        1800.00        160.00        18.00
PRIMO        1600.00        160.00        18.00
TAMPA        1700.00        160.00        24.00
SUNRISE        1600.00        160.00        17.00
MERIT        1800.00        165.00        22.00
UTILITY        2600.00        160.00        18.00
YOSEMITE        3000.00        170.00        25.00
WINDSOR        1500.00        180.00        30.00
MTRUCK_A        5000.00        110.00        45.00
MTRUCK_B        5000.00        110.00        45.00
URANUS        1400.00        200.00        20.00
JESTER        1500.00        200.00        28.00
SULTAN        1400.00        200.00        28.00
STRATUM        1800.00        200.00        20.00
ELEGY        1500.00        200.00        28.00
RCTIGER        100.00        75.00        35.00
FLASH        1400.00        200.00        24.00
TAHOMA        1800.00        160.00        24.00
SAVANNA        1500.00        160.00        24.00
BANDITO        1000.00        170.00        35.00
FREIFLAT        5500.00        110.00        20.00
CSTREAK        5500.00        110.00        20.00
KART        300.00        90.00        18.00
MOWER        800.00        60.00        12.00
DUNE        10000.00        110.00        35.00
SWEEPER        800.00        60.00        12.00
BROADWAY        1700.00        160.00        20.00
TORNADO        1700.00        160.00        20.00
DFT30        5500.00        110.00        20.00
HUNTLEY        2500.00        160.00        25.00
STAFFORD        2200.00        165.00        24.00
NEWSVAN        1900.00        160.00        15.00
TUG        800.00        170.00        15.00
PETROTR        3800.00        120.00        18.00
EMPEROR        1800.00        165.00        21.00
FLOAT        5500.00        110.00        20.00
EUROS        1400.00        200.00        24.00
HOTDOG        5500.00        140.00        14.00
CLUB        1400.00        200.00        30.00
ARTICT3        3800.00        120.00        18.00
RCCAM        100.00        60.00        50.00
POLICE_L        1600.00        200.00        25.00
POLICE_S        1600.00        200.00        25.00
POLICE_V        1600.00        200.00        25.00
POLRANGE        2500.00        160.00        30.00
PICADOR        1600.00        165.00        25.00
SWATVAN        5000.00        110.00        24.00
ALPHA        1500.00        200.00        23.00
PHOENIX        1500.00        200.00        26.00
BAGBOXA        1000.00        160.00        20.00
BAGBOXB        1000.00        160.00        20.00
STAIRS        1000.00        160.00        20.00
BOXBURG        5500.00        140.00        14.00
FARM_TR1        400.00        160.00        20.00
UTIL_TR1        1000.00        160.00        20.00
ROLLER        1000.00        160.00        15.00
BIKE        500.00        190.00        50.00
MOPED        350.00        190.00        30.00
DIRTBIKE        500.00        190.00        50.00
FCR900        500.00        190.00        50.00
NRG500        400.00        190.00        60.00
HPV1000        500.00        190.00        50.00
BF400        500.00        190.00        50.00
WAYFARER        800.00        190.00        40.00
QUADBIKE        400.00        160.00        25.00
BMX        100.00        120.00        18.00
CHOPPERB        100.00        120.00        18.00
MTB        100.00        140.00        25.00
FREEWAY        800.00        190.00        40.00
PREDATOR        2200.00        190.00        1.70
SPEEDER        2200.00        190.00        2.50
REEFER        5000.00        190.00        0.69
RIO        3000.00        190.00        0.50
SQUALO        2200.00        190.00        3.00
TROPIC        2200.00        190.00        1.39
COASTGRD        1200.00        190.00        1.60
DINGHY        800.00        190.00        1.20
MARQUIS        5000.00        190.00        0.50
CUPBOAT        3000.00        190.00        3.00
LAUNCH        2200.00        190.00        1.50
SEAPLANE        5000.00        200.00        1.70
VORTEX        1900.00        150.00        2.00
RUSTLER        5000.00        200.00        16.00
BEAGLE        10000.00        200.00        16.00
CROPDUST        5000.00        200.00        16.00
STUNT        5000.00        200.00        16.00
SHAMAL        15000.00        200.00        16.00
HYDRA        9000.00        200.00        16.00
NEVADA        25000.00        200.00        16.00
AT400        60000.00        200.00        16.00
ANDROM        40000.00        200.00        16.00
DODO        5000.00        200.00        16.00
SPARROW        2500.00        200.00        16.00
SEASPAR        3000.00        200.00        16.00
MAVERICK        5000.00        200.00        16.00
COASTMAV        3500.00        200.00        16.00
POLMAV        4500.00        200.00        16.00
HUNTER        10000.00        200.00        16.00
LEVIATHN        15000.00        200.00        16.00
CARGOBOB        20000.00        200.00        16.00
RAINDANC        10000.00        200.00        16.00
RCBARON        100.00        75.00        1.00
RCGOBLIN        100.00        75.00        35.00
RCRAIDER        100.00        75.00        35.00
LANDSTAL        1700.00        160.00        25.00
BRAVURA        1300.00        160.00        15.00
BUFFALO        1500.00        200.00        28.00
LINERUN        3800.00        120.00        25.00
PEREN        1200.00        150.00        18.00
SENTINEL        1600.00        165.00        24.00
DUMPER        20000.00        110.00        25.00
FIRETRUK        6500.00        170.00        27.00
TRASH        5500.00        110.00        20.00
STRETCH        2200.00        180.00        18.00
MANANA        1000.00        160.00        19.00
INFERNUS        1400.00        240.00        30.00
VOODOO        1800.00        160.00        23.00
PONY        2600.00        160.00        15.00
MULE        3500.00        140.00        18.00
CHEETAH        1200.00        230.00        30.00
AMBULAN        2600.00        155.00        24.00
MOONBEAM        2000.00        150.00        15.00
ESPERANT        1800.00        160.00        18.00
TAXI        1450.00        180.00        19.00
WASHING        1850.00        180.00        21.00
BOBCAT        1700.00        165.00        20.00
MRWHOOP        1700.00        145.00        14.00
BFINJECT        1200.00        170.00        30.00
PREMIER        1600.00        200.00        22.00
ENFORCER        4000.00        170.00        20.00
SECURICA        7000.00        170.00        15.00
BANSHEE        1400.00        200.00        33.00
BUS        5500.00        130.00        14.00
RHINO        25000.00        80.00        40.00
BARRACKS        10500.00        180.00        20.00
HOTKNIFE        1400.00        200.00        28.00
ARTICT1        3800.00        120.00        18.00
PREVION        1400.00        160.00        18.00
COACH        9500.00        160.00        18.00
CABBIE        1750.00        160.00        24.00
STALLION        1600.00        160.00        23.00
RUMPO        2000.00        160.00        18.00
RCBANDIT        100.00        75.00        35.00
ROMERO        2500.00        150.00        16.00
PACKER        8000.00        150.00        13.00
MONSTER        5000.00        110.00        45.00
ADMIRAL        1650.00        165.00        22.00
TRAM        1900.00        150.00        25.00
AIRTRAIN        25500.00        140.00        24.00
ARTICT2        3800.00        120.00        18.00
TURISMO        1400.00        240.00        30.00
FLATBED        8500.00        140.00        25.00
YANKEE        4500.00        160.00        14.00
GOLFCART        1000.00        160.00        15.00
SOLAIR        2000.00        165.00        20.00
TOPFUN        1900.00        160.00        15.00
GLENDALE        1600.00        160.00        22.00
OCEANIC        1900.00        160.00        16.00
PATRIOT        2500.00        170.00        25.00
HERMES        1950.00        160.00        18.00
SABRE        1700.00        160.00        24.00
ZR350        1400.00        200.00        28.00
WALTON        1850.00        150.00        14.00
REGINA        2500.00        200.00        18.00
COMET        1400.00        200.00        30.00
BURRITO        1900.00        150.00        25.00
CAMPER        1900.00        120.00        16.00
BAGGAGE        1000.00        160.00        20.00
DOZER        10000.00        100.00        35.00
RANCHER        2500.00        170.00        20.00
FBIRANCH        3500.00        170.00        22.00
VIRGO        1700.00        160.00        18.00
GREENWOO        1600.00        160.00        20.00
HOTRING        1600.00        220.00        26.00
SANDKING        2000.00        170.00        28.00
BLISTAC        1000.00        200.00        26.00
BOXVILLE        5500.00        140.00        14.00
BENSON        3500.00        140.00        14.00
MESA        1300.00        160.00        24.00
BLOODRA        2100.00        160.00        24.00
BLOODRB        1600.00        160.00        26.00
SUPERGT        1400.00        230.00        26.00
ELEGANT        2200.00        165.00        20.00
JOURNEY        3500.00        140.00        14.00
PETROL        3800.00        120.00        25.00
RDTRAIN        5000.00        120.00        25.00
NEBULA        1400.00        165.00        20.00
MAJESTIC        1400.00        165.00        22.00
BUCCANEE        1700.00        160.00        24.00
CEMENT        5500.00        110.00        20.00
TOWTRUCK        3500.00        160.00        25.00
FORTUNE        1700.00        160.00        20.00
CADRONA        1200.00        160.00        20.00
FBITRUCK        4000.00        170.00        25.00
WILLARD        1800.00        160.00        18.00
FORKLIFT        1000.00        60.00        20.00
TRACTOR        2000.00        70.00        20.00
COMBINE        8500.00        140.00        25.00
FELTZER        1600.00        200.00        28.00
REMINGTN        1800.00        160.00        23.00
SLAMVAN        1950.00        160.00        40.00
BLADE        1500.00        160.00        24.00
FREIGHT        5500.00        110.00        20.00
STREAK        5500.00        110.00        20.00
VINCENT        1800.00        160.00        18.00
BULLET        1200.00        230.00        30.00
CLOVER        1600.00        160.00        24.00
SADLER        1700.00        165.00        25.00
RANGER        1700.00        160.00        20.00
HUSTLER        1700.00        160.00        22.00
INTRUDER        1800.00        160.00        18.00
PRIMO        1600.00        160.00        18.00
TAMPA        1700.00        160.00        24.00
SUNRISE        1600.00        160.00        17.00
MERIT        1800.00        165.00        22.00
UTILITY        2600.00        160.00        18.00
YOSEMITE        3000.00        170.00        25.00
WINDSOR        1500.00        180.00        30.00
MTRUCK_A        5000.00        110.00        45.00
MTRUCK_B        5000.00        110.00        45.00
URANUS        1400.00        200.00        20.00
JESTER        1500.00        200.00        28.00
SULTAN        1400.00        200.00        28.00
STRATUM        1800.00        200.00        20.00
ELEGY        1500.00        200.00        28.00
RCTIGER        100.00        75.00        35.00
FLASH        1400.00        200.00        24.00
TAHOMA        1800.00        160.00        24.00
SAVANNA        1500.00        160.00        24.00
BANDITO        1000.00        170.00        35.00
FREIFLAT        5500.00        110.00        20.00
CSTREAK        5500.00        110.00        20.00
KART        300.00        90.00        18.00
MOWER        800.00        60.00        12.00
DUNE        10000.00        110.00        35.00
SWEEPER        800.00        60.00        12.00
BROADWAY        1700.00        160.00        20.00
TORNADO        1700.00        160.00        20.00
DFT30        5500.00        110.00        20.00
HUNTLEY        2500.00        160.00        25.00
STAFFORD        2200.00        165.00        24.00
NEWSVAN        1900.00        160.00        15.00
TUG        800.00        170.00        15.00
PETROTR        3800.00        120.00        18.00
EMPEROR        1800.00        165.00        21.00
FLOAT        5500.00        110.00        20.00
EUROS        1400.00        200.00        24.00
HOTDOG        5500.00        140.00        14.00
CLUB        1400.00        200.00        30.00
ARTICT3        3800.00        120.00        18.00
RCCAM        100.00        60.00        50.00
POLICE_L        1600.00        200.00        25.00
POLICE_S        1600.00        200.00        25.00
POLICE_V        1600.00        200.00        25.00
POLRANGE        2500.00        160.00        30.00
PICADOR        1600.00        165.00        25.00
SWATVAN        5000.00        110.00        24.00
ALPHA        1500.00        200.00        23.00
PHOENIX        1500.00        200.00        26.00
BAGBOXA        1000.00        160.00        20.00
BAGBOXB        1000.00        160.00        20.00
STAIRS        1000.00        160.00        20.00
BOXBURG        5500.00        140.00        14.00
FARM_TR1        400.00        160.00        20.00
UTIL_TR1        1000.00        160.00        20.00
ROLLER        1000.00        160.00        15.00
BIKE        500.00        190.00        50.00
MOPED        350.00        190.00        30.00
DIRTBIKE        500.00        190.00        50.00
FCR900        500.00        190.00        50.00
NRG500        400.00        190.00        60.00
HPV1000        500.00        190.00        50.00
BF400        500.00        190.00        50.00
WAYFARER        800.00        190.00        40.00
QUADBIKE        400.00        160.00        25.00
BMX        100.00        120.00        18.00
CHOPPERB        100.00        120.00        18.00
MTB        100.00        140.00        25.00
FREEWAY        800.00        190.00        40.00
PREDATOR        2200.00        190.00        1.70
SPEEDER        2200.00        190.00        2.50
REEFER        5000.00        190.00        0.69
RIO        3000.00        190.00        0.50
SQUALO        2200.00        190.00        3.00
TROPIC        2200.00        190.00        1.39
COASTGRD        1200.00        190.00        1.60
DINGHY        800.00        190.00        1.20
MARQUIS        5000.00        190.00        0.50
CUPBOAT        3000.00        190.00        3.00
LAUNCH        2200.00        190.00        1.50
SEAPLANE        5000.00        200.00        1.70
VORTEX        1900.00        150.00        2.00
RUSTLER        5000.00        200.00        16.00
BEAGLE        10000.00        200.00        16.00
CROPDUST        5000.00        200.00        16.00
STUNT        5000.00        200.00        16.00
SHAMAL        15000.00        200.00        16.00
HYDRA        9000.00        200.00        16.00
NEVADA        25000.00        200.00        16.00
AT400        60000.00        200.00        16.00
ANDROM        40000.00        200.00        16.00
DODO        5000.00        200.00        16.00
SPARROW        2500.00        200.00        16.00
SEASPAR        3000.00        200.00        16.00
MAVERICK        5000.00        200.00        16.00
COASTMAV        3500.00        200.00        16.00
POLMAV        4500.00        200.00        16.00
HUNTER        10000.00        200.00        16.00
LEVIATHN        15000.00        200.00        16.00
CARGOBOB        20000.00        200.00        16.00
RAINDANC        10000.00        200.00        16.00
RCBARON        100.00        75.00        1.00
RCGOBLIN        100.00        75.00        35.00
RCRAIDER        100.00        75.00        35.00
