no storage
storage
boot storage (can hold a person)


extended people storage




400
401
402
404
405
409
411
412
418
419
420
421
426
436
438
439
442
445
458
466
467
474
475
479
480
489
490
491
492
495
496
500
504
505
507
516
517
518
526
527
528
529
533
534
536
540
542
546
547
549
550
551
555
558
560
561
562
565
566
567
575
576
579
580
585
587
589
602
603
604
have boots that could detain a person to






extend max passengers

413
416
414
427
428
431
432
433
437
440
456
459
482
483
498
499
508
511
528
548
563
588
582
592
609
432
553
577
417






vehicles with no storage

424
434
441
448
457
461
462
463
464
465
468
471
473
481
501
485
509
510
521
522
523
531
530
539
564
568
571
572
581
586
594
608
610









